     1    0.000000    0.000000
     2   -0.000000   -0.000000
     3    0.000000    0.000000
     4   -0.000000   -0.000000
     5    0.000000    0.000000
     6   -0.000000   -0.000000
     7    0.000000    0.000000
     8   -0.000000    0.000000
     9    0.000000   -0.000000
    10   -0.000000    0.000000
    11    0.000000   -0.000000
    12   -0.000000    0.000000
    13    0.000000   -0.000000
    14   -0.000000    0.000000
    15    0.000000   -0.000000
    16   -0.000000    0.000000
    17    0.000000   -0.000000
    18   -0.000000   -0.000000
    19    0.000000    0.000000
    20   -0.000000   -0.000000
    21   -0.000000    0.000000
    22    0.000000    0.000000
    23   -0.000000    0.000000
    24    0.000000    0.000000
    25   -0.000000   -0.000000
    26    0.000000    0.000000
    27   -0.000000   -0.000000
    28    0.000000    0.000000
    29   -0.000000    0.000000
    30    0.000000    0.000000
    31    0.000000   -0.000000
    32   -0.000000    0.000000
    33    0.000000   -0.000000
    34   -0.000000    0.000000
    35    0.000000    0.000000
    36   -0.000000   -0.000000
    37   -0.000000    0.000000
    38    0.000000   -0.000000
    39   -0.000000    0.000000
    40    0.000000    0.000000
    41   -0.000000   -0.000000
    42    0.000000    0.000000
    43   -0.000000   -0.000000
    44    0.000000    0.000000
    45   -0.000000   -0.000000
    46   -0.000000    0.000000
    47    0.000000   -0.000000
    48   -0.000000   -0.000000
    49    0.000000    0.000000
    50   -0.000000   -0.000000
    51    0.000000    0.000000
    52   -0.000000   -0.000000
    53    0.000000    0.000000
    54   -0.000000   -0.000000
    55    0.000000    0.000000
    56    0.000000   -0.000000
    57   -0.000000    0.000000
    58    0.000000    0.000000
    59   -0.000000   -0.000000
    60    0.000000    0.000000
    61   -0.000000   -0.000000
    62   -0.000000    0.000000
    63    0.000000   -0.000000
    64   -0.000000   -0.000000
    65    0.000000    0.000000
    66   -0.000000   -0.000000
    67    0.000000    0.000000
    68   -0.000000   -0.000000
    69    0.000000    0.000000
    70   -0.000000   -0.000000
    71    0.000000    0.000000
    72   -0.000000   -0.000000
    73    0.000000    0.000000
    74   -0.000000   -0.000000
    75    0.000000    0.000000
    76   -0.000000   -0.000000
    77   -0.000000   -0.000000
    78    0.000000   -0.000000
    79   -0.000000    0.000000
    80    0.000000   -0.000000
    81   -0.000000    0.000000
    82    0.000000   -0.000000
    83   -0.000000   -0.000000
    84    0.000000    0.000000
    85   -0.000000   -0.000000
    86    0.000000    0.000000
    87   -0.000000   -0.000000
    88    0.000000    0.000000
    89   -0.000000   -0.000000
    90    0.000000    0.000000
    91   -0.000000   -0.000000
    92    0.000000    0.000000
    93   -0.000000   -0.000000
    94    0.000000    0.000000
    95   -0.000000   -0.000000
    96    0.000000   -0.000000
    97   -0.000000    0.000000
    98    0.000000   -0.000000
    99   -0.000000    0.000000
   100    0.000000    0.000000
   101   -0.000000   -0.000000
   102    0.000000    0.000000
   103   -0.000000   -0.000000
   104    0.000000    0.000000
   105   -0.000000   -0.000000
   106    0.000000    0.000000
   107   -0.000000   -0.000000
   108    0.000000    0.000000
   109   -0.000000   -0.000000
   110   -0.000000   -0.000000
   111    0.000000    0.000000
   112   -0.000000   -0.000000
   113    0.000000    0.000000
   114   -0.000000   -0.000000
   115    0.000000    0.000000
   116   -0.000000    0.000000
   117    0.000000   -0.000000
   118   -0.000001    0.000000
   119    0.000001    0.000000
   120   -0.000002   -0.000000
   121    0.000002    0.000001
   122   -0.000002   -0.000001
   123    0.000000    0.000001
   124    0.000002   -0.000000
   125   -0.000006   -0.000000
   126    0.000010    0.000002
   127   -0.000015   -0.000002
   128    0.000017    0.000004
   129   -0.000018   -0.000003
   130    0.000014    0.000004
   131   -0.000008   -0.000001
   132   -0.000001    0.000000
   133    0.000004    0.000005
   134   -0.000005   -0.000003
   135   -0.000007    0.000005
   136    0.000021    0.000005
   137   -0.000043   -0.000004
   138    0.000051    0.000020
   139   -0.000047   -0.000013
   140    0.000001    0.000029
   141    0.000082   -0.000005
   142   -0.000232    0.000010
   143    0.000428    0.000050
   144   -0.000670   -0.000064
   145    0.000892    0.000164
   146   -0.001055   -0.000162
   147    0.001080    0.000243
   148   -0.000962   -0.000137
   149    0.000727    0.000153
   150   -0.000478    0.000057
   151    0.000359    0.000011
   152   -0.000436    0.000152
   153    0.000775    0.000140
   154   -0.001168   -0.000048
   155    0.001578    0.000468
   156   -0.001631   -0.000168
   157    0.001582    0.000500
   158   -0.001138    0.000130
   159    0.001020    0.000335
   160   -0.000618    0.000315
   161    0.000723    0.000648
   162    0.000242    0.000112
   163   -0.001210    0.000945
   164    0.004296    0.000787
   165   -0.006679   -0.000186
   166    0.010299    0.002974
   167   -0.009990   -0.001660
   168    0.009358    0.003731
   169   -0.002940    0.000355
   170   -0.000508    0.000553
   171    0.006502    0.004815
   172   -0.002228   -0.001129
   173   -0.000746    0.003962
   174    0.015242    0.004510
   175   -0.019834   -0.001757
   176    0.032019    0.009801
   177   -0.025903   -0.001100
   178    0.033616    0.006777
   179   -0.025587    0.005216
   180    0.047991    0.005344
   181   -0.055702    0.003209
   182    0.103228    0.016496
   183   -0.119985   -0.010071
   184    0.173225    0.034341
   185   -0.166789   -0.021930
   186    0.195165    0.042471
   187   -0.141251   -0.015707
   188    0.144441    0.029103
   189   -0.065020    0.008680
   190    0.091880    0.011099
   191   -0.037222    0.019331
   192    0.125178    0.023244
   193   -0.087148   -0.003396
   194    0.187274    0.056150
   195   -0.076406   -0.021146
   196    0.101453    0.056914
   197    0.149607    0.012213
   198   -0.208145    0.002997
   199    0.560756    0.088464
   200   -0.612285   -0.070815
   201    0.968152    0.158554
   202   -0.911985   -0.119210
   203    1.203250    0.195382
   204   -0.980356   -0.135927
   205    1.169869    0.199141
   206   -0.738059   -0.109253
   207    0.817974    0.141720
   208   -0.202616   -0.016060
   209    0.270275    0.035418
   210    0.403752    0.084517
   211   -0.209830   -0.040993
   212    0.854360    0.139283
   213   -0.474261   -0.083627
   214    1.064674    0.169521
   215   -0.464736   -0.093112
   216    0.999045    0.138396
   217   -0.214461   -0.034450
   218    0.802555    0.069573
   219    0.045389    0.000219
   220    0.686808    0.061026
   221    0.225498   -0.010954
   222    0.612298    0.038713
   223    0.379014    0.030382
   224    0.649927   -0.017619
   225    0.270503    0.029274
   226    1.087689    0.036656
   227   -0.264828   -0.097814
   228    1.850882    0.167465
   229   -0.938812   -0.236752
   230    2.553549    0.265388
   231   -1.386864   -0.330178
   232    2.901795    0.308197
   233   -1.397760   -0.348002
   234    2.782111    0.251001
   235   -1.005203   -0.267261
   236    2.401333    0.137367
   237   -0.547305   -0.197519
   238    2.096966    0.090954
   239   -0.219031   -0.202322
   240    1.849925    0.077418
   241    0.149835   -0.175394
   242    1.484685   -0.002105
   243    0.600825   -0.096252
   244    1.121982   -0.077108
   245    0.935247   -0.068208
   246    0.905046   -0.088638
   247    1.136513   -0.068109
   248    0.754633   -0.110573
   249    1.278633   -0.038585
   250    0.677613   -0.136104
   251    1.280424   -0.038790
   252    0.751607   -0.110188
   253    1.139931   -0.068616
   254    0.901997   -0.088091
   255    0.937500   -0.068708
   256    1.120580   -0.076720
   257    0.601563   -0.096508
   258    1.484358   -0.001962
   259    0.149955   -0.175460
   260    1.849889    0.077443
   261   -0.219023   -0.202329
   262    2.096964    0.090956
   263   -0.547304   -0.197521
   264    2.401325    0.137376
   265   -1.005149   -0.267301
   266    2.781840    0.251147
   267   -1.396684   -0.348410
   268    2.898288    0.309072
   269   -1.377287   -0.331538
   270    2.531270    0.266534
   271   -0.894121   -0.235668
   272    1.772827    0.160732
   273   -0.145262   -0.081701
   274    0.926157    0.009256
   275    0.463709    0.066085
   276    0.444869   -0.058059
   277    0.572275    0.067020
   278    0.450680    0.011601
   279    0.345148    0.004842
   280    0.608693    0.054566
   281    0.090113    0.001112
   282    0.780264    0.070832
   283   -0.204884   -0.035862
   284    0.995553    0.139283
   285   -0.463730   -0.093487
   286    1.064681    0.169554
   287   -0.475119   -0.083412
   288    0.856859    0.138858
   289   -0.215692   -0.040506
   290    0.415568    0.084420
   291    0.249559    0.034316
   292   -0.170790   -0.012837
   293    0.774905    0.135855
   294   -0.686566   -0.101118
   295    1.115483    0.190062
   296   -0.929896   -0.127663
   297    1.162875    0.189373
   298   -0.885654   -0.116105
   299    0.957073    0.158266
   300   -0.615248   -0.072882
   301    0.574865    0.092308
   302   -0.229524   -0.001944
   303    0.174044    0.017413
   304    0.077841    0.052326
   305   -0.056506   -0.017795
   306    0.172575    0.054194
   307   -0.077801   -0.002557
   308    0.120515    0.023068
   309   -0.036424    0.019189
   310    0.094429    0.011474
   311   -0.070739    0.007939
   312    0.153207    0.030394
   313   -0.152615   -0.017596
   314    0.208155    0.044777
   315   -0.180016   -0.024293
   316    0.185241    0.036373
   317   -0.129691   -0.011518
   318    0.110135    0.017309
   319   -0.059947    0.002910
   320    0.050137    0.005330
   321   -0.026350    0.005354
   322    0.033627    0.006641
   323   -0.025586   -0.001010
   324    0.031591    0.009748
   325   -0.019376   -0.001708
   326    0.014779    0.004450
   327   -0.000297    0.004026
   328   -0.002639   -0.001182
   329    0.006866    0.004850
   330   -0.000839    0.000529
   331   -0.002618    0.000385
   332    0.009026    0.003685
   333   -0.009656   -0.001600
   334    0.009997    0.002914
   335   -0.006448   -0.000142
   336    0.004167    0.000770
   337   -0.001186    0.000936
   338    0.000304    0.000139
   339    0.000610    0.000616
   340   -0.000490    0.000344
   341    0.000902    0.000312
   342   -0.001046    0.000145
   343    0.001525    0.000492
   344   -0.001611   -0.000167
   345    0.001589    0.000473
   346   -0.001203   -0.000057
   347    0.000824    0.000150
   348   -0.000489    0.000141
   349    0.000407    0.000019
   350   -0.000515    0.000052
   351    0.000751    0.000156
   352   -0.000972   -0.000136
   353    0.001080    0.000241
   354   -0.001049   -0.000159
   355    0.000883    0.000161
   356   -0.000661   -0.000062
   357    0.000420    0.000048
   358   -0.000228    0.000011
   359    0.000080   -0.000005
   360    0.000000    0.000028
   361   -0.000044   -0.000012
   362    0.000047    0.000019
   363   -0.000039   -0.000003
   364    0.000018    0.000004
   365   -0.000004    0.000006
   366   -0.000007   -0.000003
   367    0.000006    0.000005
   368   -0.000002    0.000000
   369   -0.000007   -0.000001
   370    0.000013    0.000004
   371   -0.000018   -0.000003
   372    0.000017    0.000004
   373   -0.000015   -0.000002
   374    0.000010    0.000002
   375   -0.000006   -0.000000
   376    0.000002   -0.000000
   377    0.000000    0.000001
   378   -0.000002   -0.000001
   379    0.000002    0.000001
   380   -0.000002   -0.000000
   381    0.000001    0.000000
   382   -0.000001    0.000000
   383    0.000000   -0.000000
   384   -0.000000    0.000000
   385    0.000000    0.000000
   386   -0.000000   -0.000000
   387    0.000000    0.000000
   388   -0.000000   -0.000000
   389    0.000000    0.000000
   390   -0.000000   -0.000000
   391   -0.000000   -0.000000
   392    0.000000    0.000000
   393   -0.000000   -0.000000
   394    0.000000    0.000000
   395   -0.000000   -0.000000
   396    0.000000    0.000000
   397   -0.000000   -0.000000
   398    0.000000    0.000000
   399   -0.000000   -0.000000
   400    0.000000    0.000000
   401   -0.000000    0.000000
   402    0.000000   -0.000000
   403   -0.000000    0.000000
   404    0.000000   -0.000000
   405   -0.000000   -0.000000
   406    0.000000    0.000000
   407   -0.000000   -0.000000
   408    0.000000    0.000000
   409   -0.000000   -0.000000
   410    0.000000    0.000000
   411   -0.000000   -0.000000
   412    0.000000    0.000000
   413   -0.000000   -0.000000
   414    0.000000    0.000000
   415   -0.000000   -0.000000
   416    0.000000    0.000000
   417   -0.000000   -0.000000
   418    0.000000   -0.000000
   419   -0.000000    0.000000
   420    0.000000   -0.000000
   421   -0.000000    0.000000
   422    0.000000   -0.000000
   423   -0.000000   -0.000000
   424   -0.000000   -0.000000
   425    0.000000    0.000000
   426   -0.000000   -0.000000
   427    0.000000    0.000000
   428   -0.000000   -0.000000
   429    0.000000    0.000000
   430   -0.000000   -0.000000
   431    0.000000    0.000000
   432   -0.000000   -0.000000
   433    0.000000    0.000000
   434   -0.000000   -0.000000
   435    0.000000    0.000000
   436   -0.000000   -0.000000
   437    0.000000   -0.000000
   438   -0.000000    0.000000
   439   -0.000000   -0.000000
   440    0.000000    0.000000
   441   -0.000000   -0.000000
   442    0.000000    0.000000
   443   -0.000000    0.000000
   444    0.000000   -0.000000
   445    0.000000    0.000000
   446   -0.000000   -0.000000
   447    0.000000    0.000000
   448   -0.000000   -0.000000
   449    0.000000    0.000000
   450   -0.000000   -0.000000
   451    0.000000    0.000000
   452   -0.000000   -0.000000
   453    0.000000   -0.000000
   454   -0.000000    0.000000
   455   -0.000000   -0.000000
   456    0.000000    0.000000
   457   -0.000000   -0.000000
   458    0.000000    0.000000
   459   -0.000000   -0.000000
   460    0.000000    0.000000
   461   -0.000000    0.000000
   462    0.000000   -0.000000
   463   -0.000000    0.000000
   464   -0.000000   -0.000000
   465   -0.000000    0.000000
   466    0.000000   -0.000000
   467   -0.000000    0.000000
   468    0.000000   -0.000000
   469   -0.000000    0.000000
   470    0.000000   -0.000000
   471   -0.000000    0.000000
   472    0.000000   -0.000000
   473   -0.000000    0.000000
   474    0.000000   -0.000000
   475   -0.000000   -0.000000
   476    0.000000    0.000000
   477   -0.000000   -0.000000
   478    0.000000    0.000000
   479   -0.000000   -0.000000
   480    0.000000    0.000000
   481   -0.000000   -0.000000
   482    0.000000    0.000000
   483   -0.000000   -0.000000
   484    0.000000    0.000000
   485   -0.000000    0.000000
   486    0.000000   -0.000000
   487   -0.000000    0.000000
   488    0.000000   -0.000000
   489   -0.000000    0.000000
   490    0.000000   -0.000000
   491   -0.000000    0.000000
   492    0.000000   -0.000000
   493   -0.000000    0.000000
   494    0.000000   -0.000000
   495    0.000000    0.000000
   496   -0.000000   -0.000000
   497    0.000000    0.000000
   498   -0.000000    0.000000
   499    0.000000    0.000000
   500   -0.000000    0.000000
   501    0.000000   -0.000000
   502   -0.000000    0.000000
   503    0.000000   -0.000000
   504    0.000000    0.000000
   505   -0.000000   -0.000000
   506    0.000000   -0.000000
   507   -0.000000    0.000000
   508    0.000000   -0.000000
   509   -0.000000    0.000000
   510    0.000000   -0.000000
   511   -0.000000    0.000000
   512    0.000000   -0.000000
   513   -0.000000    0.000000
   514    0.000000   -0.000000
   515   -0.000000    0.000000
   516    0.000000    0.000000
   517   -0.000000   -0.000000
   518    0.000000    0.000000
   519   -0.000000   -0.000000
   520    0.000000    0.000000
   521   -0.000000   -0.000000
   522    0.000000    0.000000
   523   -0.000000   -0.000000
   524    0.000000    0.000000
   525   -0.000000   -0.000000
   526    0.000000   -0.000000
   527   -0.000000    0.000000
   528    0.000000   -0.000000
   529   -0.000000    0.000000
   530    0.000000   -0.000000
   531   -0.000000    0.000000
   532    0.000000   -0.000000
   533   -0.000000    0.000000
   534    0.000000   -0.000000
   535   -0.000000    0.000000
   536   -0.000000   -0.000000
   537    0.000000   -0.000000
   538   -0.000000   -0.000000
   539    0.000000   -0.000000
   540    0.000000   -0.000000
   541   -0.000000   -0.000000
   542    0.000000   -0.000000
   543   -0.000000   -0.000000
   544    0.000000   -0.000000
   545   -0.000000   -0.000000
   546    0.000000   -0.000000
   547   -0.000000   -0.000000
   548    0.000000   -0.000000
   549   -0.000000   -0.000000
   550    0.000000   -0.000000
   551   -0.000000   -0.000000
   552    0.000000   -0.000000
   553   -0.000000   -0.000000
   554    0.000000   -0.000000
   555   -0.000000   -0.000000
   556    0.000000   -0.000000
   557   -0.000000   -0.000000
   558    0.000000   -0.000000
   559   -0.000000   -0.000000
   560    0.000000   -0.000000
   561   -0.000000   -0.000000
   562    0.000000   -0.000000
   563   -0.000000   -0.000000
   564    0.000000   -0.000000
   565    0.000000   -0.000000
   566    0.000000   -0.000000
   567    0.000000   -0.000000
   568    0.000000   -0.000000
   569    0.000000   -0.000000
   570    0.000000   -0.000000
   571    0.000000    0.000000
   572   -0.000000   -0.000000
   573    0.000000    0.000000
   574   -0.000000   -0.000000
   575    0.000000    0.000000
   576   -0.000000    0.000000
   577    0.000000    0.000000
   578   -0.000000    0.000000
   579    0.000000    0.000000
   580   -0.000000    0.000000
   581    0.000000    0.000000
   582    0.000000    0.000000
   583    0.000000    0.000000
   584    0.000000    0.000000
   585    0.000000    0.000000
   586    0.000000    0.000000
   587    0.000000    0.000000
   588    0.000000    0.000000
   589    0.000000    0.000000
   590    0.000000    0.000000
   591    0.000000    0.000000
   592    0.000000    0.000000
   593    0.000000    0.000000
   594    0.000000    0.000000
   595    0.000000    0.000000
   596    0.000000    0.000000
   597    0.000000    0.000000
   598    0.000000    0.000000
   599    0.000000    0.000000
   600    0.000000    0.000000
   601   -0.000000    0.000000
   602    0.000000    0.000000
   603   -0.000000    0.000000
   604   -0.000000    0.000000
   605    0.000000    0.000000
   606   -0.000000    0.000000
   607    0.000000    0.000000
   608   -0.000000    0.000000
   609    0.000000    0.000000
   610   -0.000000    0.000000
   611   -0.000000    0.000000
   612   -0.000000    0.000000
   613   -0.000000    0.000000
   614    0.000000    0.000000
   615   -0.000000    0.000000
   616   -0.000000    0.000000
   617   -0.000000    0.000000
   618   -0.000000    0.000000
   619   -0.000000    0.000000
   620   -0.000000    0.000000
   621   -0.000000    0.000000
   622   -0.000000    0.000000
   623   -0.000000    0.000000
   624   -0.000000    0.000000
   625   -0.000000    0.000000
   626   -0.000000    0.000000
   627   -0.000000    0.000000
   628   -0.000000    0.000000
   629   -0.000000    0.000000
   630   -0.000000    0.000000
   631   -0.000000    0.000000
   632   -0.000000    0.000000
   633   -0.000000    0.000000
   634   -0.000000    0.000000
   635   -0.000000    0.000000
   636   -0.000000    0.000000
   637   -0.000000   -0.000000
   638   -0.000000   -0.000000
   639   -0.000000   -0.000000
   640   -0.000000   -0.000000
   641   -0.000000   -0.000000
   642   -0.000000   -0.000000
   643   -0.000000   -0.000000
   644   -0.000000   -0.000000
   645   -0.000000   -0.000000
   646   -0.000000   -0.000000
   647   -0.000000   -0.000000
   648   -0.000000   -0.000000
   649   -0.000000   -0.000000
   650   -0.000000   -0.000000
   651   -0.000000   -0.000000
   652   -0.000000   -0.000000
   653   -0.000000   -0.000000
   654   -0.000000   -0.000000
   655   -0.000000   -0.000000
   656   -0.000000   -0.000000
   657   -0.000000   -0.000000
   658   -0.000000   -0.000000
   659   -0.000000   -0.000000
   660   -0.000000   -0.000000
   661   -0.000000   -0.000000
   662   -0.000000   -0.000000
   663   -0.000000   -0.000000
   664   -0.000000   -0.000000
   665   -0.000000   -0.000000
   666   -0.000000   -0.000000
   667   -0.000000   -0.000000
   668   -0.000000   -0.000000
   669   -0.000000   -0.000000
   670   -0.000000   -0.000000
   671   -0.000000   -0.000000
   672   -0.000000   -0.000000
   673    0.000000   -0.000000
   674    0.000000   -0.000000
   675    0.000000   -0.000000
   676    0.000000   -0.000000
   677    0.000000   -0.000000
   678    0.000000   -0.000000
   679    0.000000   -0.000000
   680    0.000000   -0.000000
   681    0.000000   -0.000000
   682    0.000000   -0.000000
   683    0.000000   -0.000000
   684    0.000000   -0.000000
   685    0.000000   -0.000000
   686    0.000000   -0.000000
   687    0.000000   -0.000000
   688    0.000000   -0.000000
   689    0.000000   -0.000000
   690    0.000000   -0.000000
   691    0.000000   -0.000000
   692    0.000000   -0.000000
   693    0.000000   -0.000000
   694    0.000000   -0.000000
   695    0.000000   -0.000000
   696    0.000000   -0.000000
   697    0.000000   -0.000000
   698    0.000000   -0.000000
   699    0.000000   -0.000000
   700    0.000000   -0.000000
   701    0.000000   -0.000000
   702    0.000000   -0.000000
   703    0.000000   -0.000000
   704    0.000000   -0.000000
   705    0.000000   -0.000000
   706    0.000000   -0.000000
   707    0.000000   -0.000000
   708    0.000000   -0.000000
   709    0.000000   -0.000000
   710    0.000000   -0.000000
   711    0.000000   -0.000000
   712    0.000000   -0.000000
   713    0.000000   -0.000000
   714    0.000000   -0.000000
   715    0.000000   -0.000000
   716    0.000000    0.000000
   717    0.000000    0.000000
   718    0.000000    0.000000
   719    0.000000    0.000000
   720    0.000000    0.000000
   721    0.000000    0.000000
   722    0.000000    0.000000
   723    0.000000    0.000000
   724    0.000000    0.000000
   725    0.000000    0.000000
   726    0.000000    0.000000
   727    0.000000    0.000000
   728    0.000000    0.000000
   729    0.000000    0.000000
   730    0.000000    0.000000
   731    0.000000    0.000000
   732    0.000000    0.000000
   733    0.000000    0.000000
   734    0.000000    0.000000
   735    0.000000    0.000000
   736    0.000000    0.000000
   737    0.000000    0.000000
   738    0.000000    0.000000
   739    0.000000    0.000000
   740    0.000000    0.000000
   741    0.000000    0.000000
   742    0.000000    0.000000
   743    0.000000    0.000000
   744    0.000000    0.000000
   745    0.000000    0.000000
   746    0.000000    0.000000
   747    0.000000    0.000000
   748    0.000000    0.000000
   749    0.000000    0.000000
   750    0.000000    0.000000
   751    0.000000    0.000000
   752    0.000000    0.000000
   753    0.000000    0.000000
   754    0.000000    0.000000
   755    0.000000    0.000000
   756    0.000000    0.000000
   757    0.000000    0.000000
   758    0.000000    0.000000
   759    0.000000    0.000000
   760    0.000000    0.000000
   761    0.000000    0.000000
   762    0.000000    0.000000
   763    0.000000    0.000000
   764    0.000000    0.000000
   765    0.000000    0.000000
   766    0.000000    0.000000
   767    0.000000    0.000000
   768    0.000000    0.000000
   769    0.000000    0.000000
   770   -0.000000    0.000000
   771   -0.000000    0.000000
   772   -0.000000    0.000000
   773   -0.000000    0.000000
   774   -0.000000    0.000000
   775   -0.000000    0.000000
   776   -0.000000    0.000000
   777   -0.000000    0.000000
   778   -0.000000    0.000000
   779   -0.000000    0.000000
   780   -0.000000    0.000000
   781   -0.000000    0.000000
   782   -0.000000    0.000000
   783   -0.000000    0.000000
   784   -0.000000    0.000000
   785   -0.000000    0.000000
   786   -0.000000    0.000000
   787   -0.000000    0.000000
   788   -0.000000    0.000000
   789   -0.000000    0.000000
   790   -0.000000    0.000000
   791   -0.000000    0.000000
   792   -0.000000    0.000000
   793   -0.000000    0.000000
   794   -0.000000    0.000000
   795   -0.000000    0.000000
   796   -0.000000    0.000000
   797   -0.000000    0.000000
   798   -0.000000    0.000000
   799   -0.000000    0.000000
   800   -0.000000    0.000000
   801   -0.000000    0.000000
   802   -0.000000    0.000000
   803   -0.000000    0.000000
   804   -0.000000    0.000000
   805   -0.000000    0.000000
   806   -0.000000    0.000000
   807   -0.000000    0.000000
   808   -0.000000    0.000000
   809   -0.000000    0.000000
   810   -0.000000    0.000000
   811   -0.000000    0.000000
   812   -0.000000    0.000000
   813   -0.000000    0.000000
   814   -0.000000    0.000000
   815   -0.000000    0.000000
   816   -0.000000    0.000000
   817   -0.000000    0.000000
   818   -0.000000    0.000000
   819   -0.000000    0.000000
   820   -0.000000    0.000000
   821   -0.000000    0.000000
   822   -0.000000    0.000000
   823   -0.000000    0.000000
   824   -0.000000    0.000000
   825   -0.000000    0.000000
   826   -0.000000    0.000000
   827   -0.000000    0.000000
   828   -0.000000    0.000000
   829   -0.000000    0.000000
   830   -0.000000    0.000000
   831   -0.000000    0.000000
   832   -0.000000    0.000000
   833   -0.000000    0.000000
   834   -0.000000    0.000000
   835   -0.000000    0.000000
   836   -0.000000    0.000000
   837   -0.000000    0.000000
   838   -0.000000    0.000000
   839   -0.000000    0.000000
   840   -0.000000    0.000000
   841   -0.000000    0.000000
   842   -0.000000    0.000000
   843   -0.000000   -0.000000
   844   -0.000000   -0.000000
   845   -0.000000   -0.000000
   846   -0.000000   -0.000000
   847   -0.000000   -0.000000
   848   -0.000000   -0.000000
   849   -0.000000   -0.000000
   850   -0.000000   -0.000000
   851   -0.000000   -0.000000
   852   -0.000000   -0.000000
   853   -0.000000   -0.000000
   854   -0.000000   -0.000000
   855   -0.000000   -0.000000
   856   -0.000000   -0.000000
   857   -0.000000   -0.000000
   858   -0.000000   -0.000000
   859   -0.000000   -0.000000
   860   -0.000000   -0.000000
   861   -0.000000   -0.000000
   862   -0.000000   -0.000000
   863   -0.000000   -0.000000
   864   -0.000000   -0.000000
   865   -0.000000   -0.000000
   866   -0.000000   -0.000000
   867   -0.000000   -0.000000
   868   -0.000000   -0.000000
   869   -0.000000   -0.000000
   870   -0.000000   -0.000000
   871   -0.000000   -0.000000
   872   -0.000000   -0.000000
   873   -0.000000   -0.000000
   874   -0.000000   -0.000000
   875   -0.000000   -0.000000
   876   -0.000000   -0.000000
   877   -0.000000   -0.000000
   878   -0.000000   -0.000000
   879   -0.000000   -0.000000
   880   -0.000000   -0.000000
   881   -0.000000   -0.000000
   882   -0.000000   -0.000000
   883   -0.000000   -0.000000
   884   -0.000000   -0.000000
   885   -0.000000   -0.000000
   886   -0.000000   -0.000000
   887   -0.000000   -0.000000
   888   -0.000000   -0.000000
   889   -0.000000   -0.000000
   890   -0.000000   -0.000000
   891   -0.000000   -0.000000
   892   -0.000000   -0.000000
   893   -0.000000   -0.000000
   894   -0.000000   -0.000000
   895   -0.000000   -0.000000
   896   -0.000000   -0.000000
   897   -0.000000   -0.000000
   898   -0.000000   -0.000000
   899   -0.000000   -0.000000
   900   -0.000000   -0.000000
   901   -0.000000   -0.000000
   902   -0.000000   -0.000000
   903   -0.000000   -0.000000
   904   -0.000000   -0.000000
   905   -0.000000   -0.000000
   906   -0.000000   -0.000000
   907   -0.000000   -0.000000
   908   -0.000000   -0.000000
   909   -0.000000   -0.000000
   910   -0.000000   -0.000000
   911   -0.000000   -0.000000
   912   -0.000000   -0.000000
   913   -0.000000   -0.000000
   914   -0.000000   -0.000000
   915   -0.000000   -0.000000
   916   -0.000000   -0.000000
   917   -0.000000   -0.000000
   918   -0.000000   -0.000000
   919   -0.000000   -0.000000
   920   -0.000000   -0.000000
   921   -0.000000   -0.000000
   922   -0.000000   -0.000000
   923   -0.000000   -0.000000
   924   -0.000000   -0.000000
   925   -0.000000   -0.000000
   926   -0.000000   -0.000000
   927   -0.000000   -0.000000
   928   -0.000000   -0.000000
   929   -0.000000   -0.000000
   930   -0.000000   -0.000000
   931   -0.000000   -0.000000
   932   -0.000000   -0.000000
   933   -0.000000   -0.000000
   934   -0.000000   -0.000000
   935   -0.000000   -0.000000
   936   -0.000000   -0.000000
   937   -0.000000   -0.000000
   938   -0.000000   -0.000000
   939   -0.000000   -0.000000
   940   -0.000000   -0.000000
   941   -0.000000   -0.000000
   942   -0.000000   -0.000000
   943   -0.000000   -0.000000
   944   -0.000000   -0.000000
   945   -0.000000   -0.000000
   946   -0.000000   -0.000000
   947   -0.000000   -0.000000
   948   -0.000000   -0.000000
   949   -0.000000   -0.000000
   950   -0.000000   -0.000000
   951   -0.000000   -0.000000
   952   -0.000000   -0.000000
   953   -0.000000   -0.000000
   954   -0.000000   -0.000000
   955    0.000000   -0.000000
   956    0.000000   -0.000000
   957    0.000000   -0.000000
   958    0.000000   -0.000000
   959    0.000000   -0.000000
   960    0.000000   -0.000000
   961    0.000000   -0.000000
   962    0.000000   -0.000000
   963    0.000000   -0.000000
   964    0.000000   -0.000000
   965    0.000000   -0.000000
   966    0.000000   -0.000000
   967    0.000000   -0.000000
   968    0.000000   -0.000000
   969    0.000000   -0.000000
   970    0.000000   -0.000000
   971    0.000000   -0.000000
   972    0.000000   -0.000000
   973    0.000000   -0.000000
   974    0.000000   -0.000000
   975    0.000000   -0.000000
   976    0.000000   -0.000000
   977    0.000000   -0.000000
   978    0.000000   -0.000000
   979    0.000000   -0.000000
   980    0.000000   -0.000000
   981    0.000000   -0.000000
   982    0.000000   -0.000000
   983    0.000000   -0.000000
   984    0.000000   -0.000000
   985    0.000000   -0.000000
   986    0.000000   -0.000000
   987    0.000000   -0.000000
   988    0.000000   -0.000000
   989    0.000000   -0.000000
   990    0.000000   -0.000000
   991    0.000000   -0.000000
   992    0.000000   -0.000000
   993    0.000000   -0.000000
   994    0.000000   -0.000000
   995    0.000000   -0.000000
   996    0.000000   -0.000000
   997    0.000000   -0.000000
   998    0.000000   -0.000000
   999   -0.000000   -0.000000
  1000    0.000000    0.000000
