     1    0.000000    0.000000
     2    0.000000   -0.000000
     3   -0.000000    0.000000
     4   -0.000000    0.000000
     5   -0.000000    0.000000
     6   -0.000000    0.000000
     7   -0.000000    0.000000
     8   -0.000000    0.000000
     9    0.000000    0.000000
    10    0.000000    0.000000
    11    0.000000    0.000000
    12    0.000000    0.000000
    13    0.000000    0.000000
    14    0.000000    0.000000
    15    0.000000    0.000000
    16    0.000000    0.000000
    17    0.000000    0.000000
    18    0.000000    0.000000
    19    0.000000    0.000000
    20    0.000000    0.000000
    21    0.000000    0.000000
    22    0.000000    0.000000
    23    0.000000    0.000000
    24    0.000000    0.000000
    25    0.000000    0.000000
    26    0.000000    0.000000
    27    0.000000    0.000000
    28    0.000000    0.000000
    29    0.000000    0.000000
    30    0.000000    0.000000
    31    0.000000    0.000000
    32    0.000000    0.000000
    33    0.000000    0.000000
    34    0.000000    0.000000
    35    0.000000    0.000000
    36    0.000000    0.000000
    37    0.000000    0.000000
    38    0.000000    0.000000
    39    0.000000    0.000000
    40    0.000000    0.000000
    41    0.000000    0.000000
    42    0.000000    0.000000
    43    0.000000    0.000000
    44    0.000000    0.000000
    45    0.000000    0.000000
    46    0.000000    0.000000
    47    0.000000    0.000000
    48    0.000000    0.000000
    49    0.000000    0.000000
    50    0.000000    0.000000
    51    0.000000    0.000000
    52    0.000000    0.000000
    53    0.000000    0.000000
    54    0.000000    0.000000
    55    0.000000    0.000000
    56    0.000000    0.000000
    57    0.000000    0.000000
    58    0.000000    0.000000
    59    0.000000    0.000000
    60    0.000000    0.000000
    61    0.000000    0.000000
    62    0.000000    0.000000
    63    0.000000    0.000000
    64    0.000000    0.000000
    65    0.000000    0.000000
    66    0.000000    0.000000
    67    0.000000    0.000000
    68    0.000000    0.000000
    69    0.000000    0.000000
    70    0.000000    0.000000
    71    0.000000    0.000000
    72    0.000000    0.000000
    73    0.000000    0.000000
    74    0.000000    0.000000
    75    0.000000    0.000000
    76    0.000000    0.000000
    77    0.000000    0.000000
    78    0.000000    0.000000
    79    0.000000    0.000000
    80    0.000000    0.000000
    81    0.000000    0.000000
    82    0.000000    0.000000
    83    0.000000    0.000000
    84    0.000000    0.000000
    85    0.000000    0.000000
    86    0.000000    0.000000
    87    0.000000    0.000000
    88    0.000000    0.000000
    89    0.000000    0.000000
    90    0.000000    0.000000
    91    0.000000    0.000000
    92    0.000000    0.000000
    93    0.000000    0.000000
    94    0.000000    0.000000
    95    0.000000    0.000000
    96    0.000000    0.000000
    97    0.000000    0.000000
    98    0.000000    0.000000
    99    0.000000    0.000000
   100    0.000000    0.000000
   101    0.000000    0.000000
   102    0.000000    0.000000
   103    0.000000    0.000000
   104    0.000000    0.000000
   105    0.000000    0.000000
   106    0.000000    0.000000
   107    0.000000    0.000000
   108    0.000000    0.000000
   109    0.000000    0.000000
   110    0.000000    0.000000
   111    0.000000    0.000000
   112    0.000000    0.000000
   113    0.000000    0.000000
   114    0.000000    0.000000
   115    0.000000    0.000000
   116    0.000000    0.000000
   117    0.000000    0.000000
   118    0.000000    0.000000
   119    0.000000    0.000000
   120    0.000000    0.000000
   121    0.000000    0.000000
   122    0.000000    0.000000
   123    0.000000    0.000000
   124    0.000000    0.000000
   125    0.000000    0.000000
   126    0.000000    0.000000
   127    0.000000    0.000000
   128    0.000000    0.000000
   129    0.000000    0.000000
   130    0.000001    0.000000
   131    0.000001    0.000000
   132    0.000001    0.000000
   133    0.000001    0.000000
   134    0.000001    0.000001
   135    0.000002    0.000001
   136    0.000002    0.000001
   137    0.000003    0.000001
   138    0.000003    0.000001
   139    0.000004    0.000002
   140    0.000005    0.000002
   141    0.000007    0.000002
   142    0.000008    0.000003
   143    0.000010    0.000004
   144    0.000013    0.000004
   145    0.000016    0.000005
   146    0.000020    0.000006
   147    0.000024    0.000007
   148    0.000030    0.000009
   149    0.000036    0.000011
   150    0.000044    0.000013
   151    0.000054    0.000015
   152    0.000066    0.000018
   153    0.000080    0.000022
   154    0.000098    0.000026
   155    0.000118    0.000031
   156    0.000143    0.000036
   157    0.000173    0.000043
   158    0.000208    0.000050
   159    0.000250    0.000059
   160    0.000300    0.000069
   161    0.000359    0.000081
   162    0.000428    0.000094
   163    0.000511    0.000110
   164    0.000608    0.000127
   165    0.000721    0.000147
   166    0.000855    0.000170
   167    0.001011    0.000196
   168    0.001192    0.000225
   169    0.001404    0.000257
   170    0.001650    0.000294
   171    0.001936    0.000336
   172    0.002266    0.000382
   173    0.002647    0.000434
   174    0.003085    0.000491
   175    0.003590    0.000555
   176    0.004168    0.000625
   177    0.004830    0.000703
   178    0.005585    0.000788
   179    0.006446    0.000882
   180    0.007424    0.000984
   181    0.008534    0.001095
   182    0.009789    0.001215
   183    0.011207    0.001345
   184    0.012804    0.001485
   185    0.014599    0.001635
   186    0.016613    0.001796
   187    0.018866    0.001967
   188    0.021382    0.002149
   189    0.024185    0.002341
   190    0.027300    0.002542
   191    0.030754    0.002753
   192    0.034576    0.002974
   193    0.038795    0.003202
   194    0.043441    0.003437
   195    0.048546    0.003679
   196    0.054142    0.003925
   197    0.060261    0.004175
   198    0.066938    0.004426
   199    0.074206    0.004677
   200    0.082097    0.004925
   201    0.090646    0.005168
   202    0.099884    0.005404
   203    0.109843    0.005629
   204    0.120553    0.005841
   205    0.132042    0.006037
   206    0.144337    0.006214
   207    0.157460    0.006368
   208    0.171432    0.006495
   209    0.186270    0.006594
   210    0.201987    0.006659
   211    0.218592    0.006689
   212    0.236088    0.006679
   213    0.254474    0.006627
   214    0.273744    0.006530
   215    0.293883    0.006384
   216    0.314873    0.006189
   217    0.336687    0.005941
   218    0.359292    0.005640
   219    0.382649    0.005284
   220    0.406708    0.004873
   221    0.431417    0.004406
   222    0.456711    0.003884
   223    0.482522    0.003308
   224    0.508773    0.002680
   225    0.535379    0.002002
   226    0.562251    0.001277
   227    0.589292    0.000508
   228    0.616399   -0.000300
   229    0.643466   -0.001142
   230    0.670378   -0.002014
   231    0.697021   -0.002909
   232    0.723275   -0.003820
   233    0.749020   -0.004742
   234    0.774131   -0.005667
   235    0.798486   -0.006587
   236    0.821963   -0.007495
   237    0.844440   -0.008384
   238    0.865800   -0.009244
   239    0.885927   -0.010070
   240    0.904713   -0.010853
   241    0.922052   -0.011586
   242    0.937847   -0.012263
   243    0.952008   -0.012876
   244    0.964454   -0.013420
   245    0.975113   -0.013890
   246    0.983920   -0.014281
   247    0.990826   -0.014589
   248    0.995788   -0.014811
   249    0.998777   -0.014946
   250    0.999775   -0.014991
   251    0.998777   -0.014946
   252    0.995788   -0.014811
   253    0.990826   -0.014589
   254    0.983920   -0.014281
   255    0.975113   -0.013890
   256    0.964454   -0.013420
   257    0.952008   -0.012876
   258    0.937847   -0.012263
   259    0.922052   -0.011586
   260    0.904713   -0.010853
   261    0.885927   -0.010070
   262    0.865800   -0.009244
   263    0.844440   -0.008384
   264    0.821963   -0.007495
   265    0.798486   -0.006587
   266    0.774131   -0.005667
   267    0.749020   -0.004742
   268    0.723275   -0.003820
   269    0.697021   -0.002909
   270    0.670378   -0.002014
   271    0.643466   -0.001142
   272    0.616399   -0.000300
   273    0.589292    0.000508
   274    0.562251    0.001277
   275    0.535379    0.002002
   276    0.508773    0.002680
   277    0.482522    0.003308
   278    0.456711    0.003884
   279    0.431417    0.004406
   280    0.406708    0.004873
   281    0.382649    0.005284
   282    0.359292    0.005640
   283    0.336687    0.005941
   284    0.314873    0.006189
   285    0.293883    0.006384
   286    0.273744    0.006530
   287    0.254474    0.006627
   288    0.236088    0.006679
   289    0.218592    0.006689
   290    0.201987    0.006659
   291    0.186270    0.006594
   292    0.171432    0.006495
   293    0.157460    0.006368
   294    0.144337    0.006214
   295    0.132042    0.006037
   296    0.120553    0.005841
   297    0.109843    0.005629
   298    0.099884    0.005404
   299    0.090646    0.005168
   300    0.082097    0.004925
   301    0.074206    0.004677
   302    0.066938    0.004426
   303    0.060261    0.004175
   304    0.054142    0.003925
   305    0.048546    0.003679
   306    0.043441    0.003437
   307    0.038795    0.003202
   308    0.034576    0.002974
   309    0.030754    0.002753
   310    0.027300    0.002542
   311    0.024185    0.002341
   312    0.021382    0.002149
   313    0.018866    0.001967
   314    0.016613    0.001796
   315    0.014599    0.001635
   316    0.012804    0.001485
   317    0.011207    0.001345
   318    0.009789    0.001215
   319    0.008534    0.001095
   320    0.007424    0.000984
   321    0.006446    0.000882
   322    0.005585    0.000788
   323    0.004830    0.000703
   324    0.004168    0.000625
   325    0.003590    0.000555
   326    0.003085    0.000491
   327    0.002647    0.000434
   328    0.002266    0.000382
   329    0.001936    0.000336
   330    0.001650    0.000294
   331    0.001404    0.000257
   332    0.001192    0.000225
   333    0.001011    0.000196
   334    0.000855    0.000170
   335    0.000721    0.000147
   336    0.000608    0.000127
   337    0.000511    0.000110
   338    0.000428    0.000094
   339    0.000359    0.000081
   340    0.000300    0.000069
   341    0.000250    0.000059
   342    0.000208    0.000050
   343    0.000173    0.000043
   344    0.000143    0.000036
   345    0.000118    0.000031
   346    0.000098    0.000026
   347    0.000080    0.000022
   348    0.000066    0.000018
   349    0.000054    0.000015
   350    0.000044    0.000013
   351    0.000036    0.000011
   352    0.000030    0.000009
   353    0.000024    0.000007
   354    0.000020    0.000006
   355    0.000016    0.000005
   356    0.000013    0.000004
   357    0.000010    0.000004
   358    0.000008    0.000003
   359    0.000007    0.000002
   360    0.000005    0.000002
   361    0.000004    0.000002
   362    0.000003    0.000001
   363    0.000003    0.000001
   364    0.000002    0.000001
   365    0.000002    0.000001
   366    0.000001    0.000001
   367    0.000001    0.000000
   368    0.000001    0.000000
   369    0.000001    0.000000
   370    0.000001    0.000000
   371    0.000000    0.000000
   372    0.000000    0.000000
   373    0.000000    0.000000
   374    0.000000    0.000000
   375    0.000000    0.000000
   376    0.000000    0.000000
   377    0.000000    0.000000
   378    0.000000    0.000000
   379    0.000000    0.000000
   380    0.000000    0.000000
   381    0.000000    0.000000
   382    0.000000    0.000000
   383    0.000000    0.000000
   384    0.000000    0.000000
   385    0.000000    0.000000
   386    0.000000    0.000000
   387    0.000000    0.000000
   388    0.000000    0.000000
   389    0.000000    0.000000
   390    0.000000    0.000000
   391    0.000000    0.000000
   392    0.000000    0.000000
   393    0.000000    0.000000
   394    0.000000    0.000000
   395    0.000000    0.000000
   396    0.000000    0.000000
   397    0.000000    0.000000
   398    0.000000    0.000000
   399    0.000000    0.000000
   400    0.000000    0.000000
   401    0.000000    0.000000
   402    0.000000    0.000000
   403    0.000000    0.000000
   404    0.000000    0.000000
   405    0.000000    0.000000
   406    0.000000    0.000000
   407    0.000000    0.000000
   408    0.000000    0.000000
   409    0.000000    0.000000
   410    0.000000    0.000000
   411    0.000000    0.000000
   412    0.000000    0.000000
   413    0.000000    0.000000
   414    0.000000    0.000000
   415    0.000000    0.000000
   416    0.000000    0.000000
   417    0.000000    0.000000
   418    0.000000    0.000000
   419    0.000000    0.000000
   420    0.000000    0.000000
   421    0.000000    0.000000
   422    0.000000    0.000000
   423    0.000000    0.000000
   424    0.000000    0.000000
   425    0.000000    0.000000
   426    0.000000    0.000000
   427    0.000000    0.000000
   428    0.000000    0.000000
   429    0.000000    0.000000
   430    0.000000    0.000000
   431    0.000000    0.000000
   432    0.000000    0.000000
   433    0.000000    0.000000
   434    0.000000    0.000000
   435    0.000000    0.000000
   436    0.000000    0.000000
   437    0.000000    0.000000
   438    0.000000    0.000000
   439    0.000000    0.000000
   440    0.000000    0.000000
   441    0.000000    0.000000
   442    0.000000    0.000000
   443    0.000000    0.000000
   444    0.000000    0.000000
   445    0.000000    0.000000
   446    0.000000    0.000000
   447    0.000000    0.000000
   448    0.000000    0.000000
   449    0.000000    0.000000
   450    0.000000    0.000000
   451    0.000000    0.000000
   452    0.000000    0.000000
   453    0.000000    0.000000
   454    0.000000    0.000000
   455    0.000000    0.000000
   456    0.000000    0.000000
   457    0.000000    0.000000
   458    0.000000    0.000000
   459    0.000000    0.000000
   460    0.000000    0.000000
   461    0.000000    0.000000
   462    0.000000    0.000000
   463    0.000000    0.000000
   464    0.000000    0.000000
   465    0.000000    0.000000
   466    0.000000    0.000000
   467    0.000000    0.000000
   468    0.000000    0.000000
   469    0.000000    0.000000
   470    0.000000    0.000000
   471    0.000000    0.000000
   472    0.000000    0.000000
   473    0.000000    0.000000
   474    0.000000    0.000000
   475    0.000000    0.000000
   476    0.000000    0.000000
   477    0.000000    0.000000
   478    0.000000    0.000000
   479    0.000000    0.000000
   480   -0.000000    0.000000
   481    0.000000    0.000000
   482    0.000000    0.000000
   483    0.000000    0.000000
   484    0.000000    0.000000
   485    0.000000    0.000000
   486    0.000000    0.000000
   487    0.000000    0.000000
   488    0.000000    0.000000
   489    0.000000    0.000000
   490    0.000000    0.000000
   491    0.000000    0.000000
   492    0.000000    0.000000
   493    0.000000    0.000000
   494    0.000000    0.000000
   495    0.000000    0.000000
   496    0.000000    0.000000
   497   -0.000000    0.000000
   498   -0.000000    0.000000
   499   -0.000000    0.000000
   500   -0.000000    0.000000
   501   -0.000000    0.000000
   502   -0.000000    0.000000
   503   -0.000000    0.000000
   504   -0.000000    0.000000
   505   -0.000000    0.000000
   506   -0.000000    0.000000
   507   -0.000000    0.000000
   508   -0.000000    0.000000
   509   -0.000000    0.000000
   510   -0.000000    0.000000
   511   -0.000000    0.000000
   512   -0.000000    0.000000
   513   -0.000000    0.000000
   514   -0.000000    0.000000
   515   -0.000000    0.000000
   516   -0.000000    0.000000
   517   -0.000000    0.000000
   518   -0.000000    0.000000
   519   -0.000000    0.000000
   520   -0.000000    0.000000
   521   -0.000000    0.000000
   522   -0.000000    0.000000
   523   -0.000000    0.000000
   524   -0.000000    0.000000
   525   -0.000000    0.000000
   526   -0.000000    0.000000
   527   -0.000000    0.000000
   528   -0.000000    0.000000
   529   -0.000000    0.000000
   530   -0.000000    0.000000
   531   -0.000000    0.000000
   532   -0.000000    0.000000
   533   -0.000000    0.000000
   534   -0.000000    0.000000
   535   -0.000000    0.000000
   536   -0.000000    0.000000
   537   -0.000000    0.000000
   538   -0.000000    0.000000
   539   -0.000000    0.000000
   540   -0.000000    0.000000
   541   -0.000000    0.000000
   542   -0.000000    0.000000
   543   -0.000000    0.000000
   544   -0.000000    0.000000
   545   -0.000000    0.000000
   546   -0.000000    0.000000
   547   -0.000000    0.000000
   548   -0.000000    0.000000
   549   -0.000000    0.000000
   550   -0.000000    0.000000
   551   -0.000000    0.000000
   552   -0.000000    0.000000
   553   -0.000000    0.000000
   554   -0.000000    0.000000
   555   -0.000000    0.000000
   556   -0.000000    0.000000
   557   -0.000000    0.000000
   558   -0.000000    0.000000
   559   -0.000000    0.000000
   560   -0.000000    0.000000
   561   -0.000000    0.000000
   562   -0.000000    0.000000
   563   -0.000000    0.000000
   564   -0.000000    0.000000
   565   -0.000000    0.000000
   566   -0.000000    0.000000
   567   -0.000000    0.000000
   568   -0.000000    0.000000
   569   -0.000000    0.000000
   570   -0.000000    0.000000
   571   -0.000000    0.000000
   572   -0.000000    0.000000
   573   -0.000000    0.000000
   574   -0.000000    0.000000
   575   -0.000000    0.000000
   576   -0.000000    0.000000
   577   -0.000000    0.000000
   578   -0.000000    0.000000
   579   -0.000000    0.000000
   580   -0.000000    0.000000
   581   -0.000000    0.000000
   582   -0.000000    0.000000
   583   -0.000000    0.000000
   584   -0.000000    0.000000
   585   -0.000000    0.000000
   586   -0.000000    0.000000
   587   -0.000000    0.000000
   588   -0.000000    0.000000
   589   -0.000000    0.000000
   590   -0.000000    0.000000
   591   -0.000000    0.000000
   592   -0.000000    0.000000
   593   -0.000000    0.000000
   594   -0.000000    0.000000
   595   -0.000000    0.000000
   596   -0.000000    0.000000
   597   -0.000000    0.000000
   598   -0.000000    0.000000
   599   -0.000000    0.000000
   600   -0.000000    0.000000
   601   -0.000000    0.000000
   602   -0.000000    0.000000
   603   -0.000000    0.000000
   604   -0.000000    0.000000
   605   -0.000000    0.000000
   606   -0.000000    0.000000
   607   -0.000000    0.000000
   608   -0.000000    0.000000
   609   -0.000000    0.000000
   610   -0.000000    0.000000
   611   -0.000000    0.000000
   612   -0.000000    0.000000
   613   -0.000000    0.000000
   614   -0.000000    0.000000
   615   -0.000000    0.000000
   616   -0.000000    0.000000
   617   -0.000000    0.000000
   618   -0.000000    0.000000
   619   -0.000000    0.000000
   620   -0.000000    0.000000
   621   -0.000000    0.000000
   622   -0.000000    0.000000
   623   -0.000000    0.000000
   624   -0.000000    0.000000
   625   -0.000000    0.000000
   626   -0.000000    0.000000
   627   -0.000000    0.000000
   628   -0.000000    0.000000
   629   -0.000000    0.000000
   630   -0.000000    0.000000
   631   -0.000000    0.000000
   632   -0.000000    0.000000
   633   -0.000000    0.000000
   634   -0.000000    0.000000
   635   -0.000000    0.000000
   636   -0.000000    0.000000
   637   -0.000000    0.000000
   638   -0.000000    0.000000
   639   -0.000000    0.000000
   640   -0.000000    0.000000
   641   -0.000000    0.000000
   642   -0.000000    0.000000
   643   -0.000000    0.000000
   644   -0.000000    0.000000
   645   -0.000000    0.000000
   646   -0.000000    0.000000
   647   -0.000000    0.000000
   648   -0.000000    0.000000
   649   -0.000000    0.000000
   650   -0.000000    0.000000
   651   -0.000000    0.000000
   652   -0.000000    0.000000
   653   -0.000000    0.000000
   654   -0.000000    0.000000
   655   -0.000000    0.000000
   656   -0.000000    0.000000
   657   -0.000000    0.000000
   658   -0.000000    0.000000
   659   -0.000000    0.000000
   660   -0.000000   -0.000000
   661   -0.000000   -0.000000
   662   -0.000000   -0.000000
   663   -0.000000   -0.000000
   664   -0.000000   -0.000000
   665   -0.000000   -0.000000
   666   -0.000000   -0.000000
   667   -0.000000   -0.000000
   668   -0.000000   -0.000000
   669   -0.000000   -0.000000
   670   -0.000000   -0.000000
   671   -0.000000   -0.000000
   672   -0.000000   -0.000000
   673   -0.000000   -0.000000
   674   -0.000000   -0.000000
   675   -0.000000   -0.000000
   676   -0.000000   -0.000000
   677   -0.000000   -0.000000
   678   -0.000000   -0.000000
   679   -0.000000   -0.000000
   680   -0.000000   -0.000000
   681   -0.000000   -0.000000
   682   -0.000000   -0.000000
   683   -0.000000   -0.000000
   684   -0.000000   -0.000000
   685   -0.000000   -0.000000
   686   -0.000000   -0.000000
   687   -0.000000   -0.000000
   688   -0.000000   -0.000000
   689   -0.000000   -0.000000
   690   -0.000000   -0.000000
   691   -0.000000   -0.000000
   692   -0.000000   -0.000000
   693   -0.000000   -0.000000
   694   -0.000000   -0.000000
   695   -0.000000   -0.000000
   696   -0.000000   -0.000000
   697   -0.000000   -0.000000
   698   -0.000000   -0.000000
   699   -0.000000   -0.000000
   700   -0.000000   -0.000000
   701   -0.000000   -0.000000
   702   -0.000000   -0.000000
   703   -0.000000   -0.000000
   704   -0.000000   -0.000000
   705   -0.000000   -0.000000
   706   -0.000000   -0.000000
   707   -0.000000   -0.000000
   708   -0.000000   -0.000000
   709   -0.000000   -0.000000
   710   -0.000000   -0.000000
   711   -0.000000   -0.000000
   712   -0.000000   -0.000000
   713   -0.000000   -0.000000
   714   -0.000000   -0.000000
   715   -0.000000   -0.000000
   716   -0.000000   -0.000000
   717   -0.000000   -0.000000
   718   -0.000000   -0.000000
   719   -0.000000   -0.000000
   720   -0.000000   -0.000000
   721   -0.000000   -0.000000
   722   -0.000000   -0.000000
   723   -0.000000   -0.000000
   724   -0.000000   -0.000000
   725   -0.000000   -0.000000
   726   -0.000000   -0.000000
   727   -0.000000   -0.000000
   728   -0.000000   -0.000000
   729   -0.000000   -0.000000
   730   -0.000000   -0.000000
   731   -0.000000   -0.000000
   732   -0.000000   -0.000000
   733   -0.000000   -0.000000
   734   -0.000000   -0.000000
   735   -0.000000   -0.000000
   736   -0.000000   -0.000000
   737   -0.000000   -0.000000
   738   -0.000000   -0.000000
   739   -0.000000   -0.000000
   740   -0.000000   -0.000000
   741   -0.000000   -0.000000
   742   -0.000000   -0.000000
   743   -0.000000   -0.000000
   744   -0.000000   -0.000000
   745   -0.000000   -0.000000
   746   -0.000000   -0.000000
   747   -0.000000   -0.000000
   748   -0.000000   -0.000000
   749   -0.000000   -0.000000
   750   -0.000000   -0.000000
   751   -0.000000   -0.000000
   752   -0.000000   -0.000000
   753   -0.000000   -0.000000
   754   -0.000000   -0.000000
   755   -0.000000   -0.000000
   756   -0.000000   -0.000000
   757   -0.000000   -0.000000
   758   -0.000000   -0.000000
   759   -0.000000   -0.000000
   760   -0.000000   -0.000000
   761   -0.000000   -0.000000
   762   -0.000000   -0.000000
   763   -0.000000   -0.000000
   764   -0.000000   -0.000000
   765   -0.000000   -0.000000
   766   -0.000000   -0.000000
   767   -0.000000   -0.000000
   768   -0.000000   -0.000000
   769   -0.000000   -0.000000
   770   -0.000000   -0.000000
   771   -0.000000   -0.000000
   772   -0.000000   -0.000000
   773   -0.000000   -0.000000
   774   -0.000000   -0.000000
   775   -0.000000   -0.000000
   776   -0.000000   -0.000000
   777   -0.000000   -0.000000
   778   -0.000000   -0.000000
   779   -0.000000   -0.000000
   780   -0.000000   -0.000000
   781   -0.000000   -0.000000
   782   -0.000000   -0.000000
   783   -0.000000   -0.000000
   784   -0.000000   -0.000000
   785   -0.000000   -0.000000
   786   -0.000000   -0.000000
   787   -0.000000   -0.000000
   788   -0.000000   -0.000000
   789   -0.000000   -0.000000
   790   -0.000000   -0.000000
   791   -0.000000   -0.000000
   792   -0.000000   -0.000000
   793   -0.000000   -0.000000
   794   -0.000000   -0.000000
   795   -0.000000   -0.000000
   796   -0.000000   -0.000000
   797   -0.000000   -0.000000
   798   -0.000000   -0.000000
   799   -0.000000   -0.000000
   800   -0.000000   -0.000000
   801   -0.000000   -0.000000
   802   -0.000000   -0.000000
   803   -0.000000   -0.000000
   804   -0.000000   -0.000000
   805   -0.000000   -0.000000
   806   -0.000000   -0.000000
   807   -0.000000   -0.000000
   808   -0.000000   -0.000000
   809   -0.000000   -0.000000
   810   -0.000000   -0.000000
   811   -0.000000   -0.000000
   812   -0.000000   -0.000000
   813   -0.000000   -0.000000
   814   -0.000000   -0.000000
   815   -0.000000   -0.000000
   816   -0.000000   -0.000000
   817   -0.000000   -0.000000
   818   -0.000000   -0.000000
   819   -0.000000   -0.000000
   820   -0.000000   -0.000000
   821   -0.000000   -0.000000
   822   -0.000000   -0.000000
   823   -0.000000   -0.000000
   824   -0.000000   -0.000000
   825   -0.000000   -0.000000
   826   -0.000000   -0.000000
   827   -0.000000   -0.000000
   828   -0.000000   -0.000000
   829   -0.000000   -0.000000
   830   -0.000000   -0.000000
   831   -0.000000   -0.000000
   832   -0.000000   -0.000000
   833   -0.000000   -0.000000
   834   -0.000000   -0.000000
   835   -0.000000   -0.000000
   836   -0.000000   -0.000000
   837   -0.000000   -0.000000
   838   -0.000000   -0.000000
   839   -0.000000   -0.000000
   840   -0.000000   -0.000000
   841   -0.000000   -0.000000
   842   -0.000000   -0.000000
   843   -0.000000   -0.000000
   844   -0.000000   -0.000000
   845   -0.000000   -0.000000
   846   -0.000000   -0.000000
   847   -0.000000   -0.000000
   848   -0.000000   -0.000000
   849   -0.000000   -0.000000
   850   -0.000000   -0.000000
   851   -0.000000   -0.000000
   852   -0.000000   -0.000000
   853   -0.000000   -0.000000
   854   -0.000000   -0.000000
   855   -0.000000   -0.000000
   856   -0.000000   -0.000000
   857   -0.000000   -0.000000
   858   -0.000000   -0.000000
   859   -0.000000   -0.000000
   860   -0.000000   -0.000000
   861   -0.000000   -0.000000
   862   -0.000000   -0.000000
   863   -0.000000   -0.000000
   864   -0.000000   -0.000000
   865   -0.000000   -0.000000
   866   -0.000000   -0.000000
   867   -0.000000   -0.000000
   868   -0.000000   -0.000000
   869   -0.000000   -0.000000
   870   -0.000000   -0.000000
   871   -0.000000   -0.000000
   872   -0.000000   -0.000000
   873   -0.000000   -0.000000
   874   -0.000000   -0.000000
   875   -0.000000   -0.000000
   876   -0.000000   -0.000000
   877   -0.000000   -0.000000
   878   -0.000000   -0.000000
   879   -0.000000   -0.000000
   880   -0.000000   -0.000000
   881   -0.000000   -0.000000
   882   -0.000000   -0.000000
   883   -0.000000   -0.000000
   884   -0.000000   -0.000000
   885   -0.000000   -0.000000
   886   -0.000000   -0.000000
   887   -0.000000   -0.000000
   888   -0.000000   -0.000000
   889   -0.000000   -0.000000
   890   -0.000000   -0.000000
   891   -0.000000   -0.000000
   892   -0.000000   -0.000000
   893   -0.000000   -0.000000
   894   -0.000000   -0.000000
   895   -0.000000   -0.000000
   896   -0.000000   -0.000000
   897   -0.000000   -0.000000
   898   -0.000000   -0.000000
   899   -0.000000   -0.000000
   900   -0.000000   -0.000000
   901   -0.000000   -0.000000
   902   -0.000000   -0.000000
   903   -0.000000   -0.000000
   904   -0.000000   -0.000000
   905   -0.000000   -0.000000
   906   -0.000000   -0.000000
   907   -0.000000   -0.000000
   908   -0.000000   -0.000000
   909   -0.000000   -0.000000
   910   -0.000000   -0.000000
   911   -0.000000   -0.000000
   912   -0.000000   -0.000000
   913   -0.000000   -0.000000
   914   -0.000000   -0.000000
   915   -0.000000   -0.000000
   916   -0.000000   -0.000000
   917   -0.000000   -0.000000
   918   -0.000000   -0.000000
   919   -0.000000   -0.000000
   920   -0.000000   -0.000000
   921   -0.000000   -0.000000
   922   -0.000000   -0.000000
   923   -0.000000   -0.000000
   924   -0.000000   -0.000000
   925   -0.000000   -0.000000
   926   -0.000000   -0.000000
   927   -0.000000   -0.000000
   928   -0.000000   -0.000000
   929   -0.000000   -0.000000
   930   -0.000000   -0.000000
   931   -0.000000   -0.000000
   932   -0.000000   -0.000000
   933   -0.000000   -0.000000
   934   -0.000000   -0.000000
   935   -0.000000   -0.000000
   936   -0.000000   -0.000000
   937   -0.000000   -0.000000
   938   -0.000000   -0.000000
   939   -0.000000   -0.000000
   940   -0.000000   -0.000000
   941   -0.000000   -0.000000
   942   -0.000000   -0.000000
   943   -0.000000   -0.000000
   944   -0.000000   -0.000000
   945   -0.000000   -0.000000
   946   -0.000000   -0.000000
   947   -0.000000   -0.000000
   948   -0.000000   -0.000000
   949   -0.000000   -0.000000
   950   -0.000000   -0.000000
   951   -0.000000   -0.000000
   952   -0.000000   -0.000000
   953   -0.000000   -0.000000
   954   -0.000000   -0.000000
   955   -0.000000   -0.000000
   956   -0.000000   -0.000000
   957   -0.000000   -0.000000
   958   -0.000000   -0.000000
   959   -0.000000   -0.000000
   960   -0.000000   -0.000000
   961   -0.000000   -0.000000
   962   -0.000000   -0.000000
   963   -0.000000   -0.000000
   964   -0.000000   -0.000000
   965   -0.000000   -0.000000
   966   -0.000000   -0.000000
   967   -0.000000   -0.000000
   968   -0.000000   -0.000000
   969   -0.000000   -0.000000
   970   -0.000000   -0.000000
   971   -0.000000   -0.000000
   972   -0.000000   -0.000000
   973   -0.000000   -0.000000
   974   -0.000000   -0.000000
   975   -0.000000   -0.000000
   976   -0.000000   -0.000000
   977   -0.000000   -0.000000
   978   -0.000000   -0.000000
   979   -0.000000   -0.000000
   980   -0.000000   -0.000000
   981   -0.000000   -0.000000
   982   -0.000000   -0.000000
   983   -0.000000   -0.000000
   984   -0.000000   -0.000000
   985   -0.000000   -0.000000
   986   -0.000000   -0.000000
   987   -0.000000   -0.000000
   988   -0.000000   -0.000000
   989   -0.000000   -0.000000
   990   -0.000000   -0.000000
   991   -0.000000   -0.000000
   992   -0.000000   -0.000000
   993   -0.000000   -0.000000
   994   -0.000000   -0.000000
   995   -0.000000   -0.000000
   996   -0.000000   -0.000000
   997   -0.000000   -0.000000
   998   -0.000000   -0.000000
   999   -0.000000   -0.000000
  1000    0.000000    0.000000
