     1    0.000000    0.000000
     2   -0.000002   -0.000003
     3    0.000003    0.000006
     4   -0.000004   -0.000007
     5    0.000004    0.000007
     6   -0.000004   -0.000006
     7    0.000003    0.000004
     8   -0.000002   -0.000003
     9    0.000002    0.000002
    10   -0.000001   -0.000001
    11    0.000000    0.000000
    12   -0.000000   -0.000000
    13    0.000000    0.000000
    14   -0.000000   -0.000000
    15    0.000000    0.000000
    16   -0.000000   -0.000000
    17    0.000000   -0.000000
    18   -0.000000    0.000000
    19    0.000000   -0.000000
    20   -0.000000    0.000000
    21    0.000000   -0.000000
    22    0.000000    0.000000
    23   -0.000000   -0.000000
    24    0.000000    0.000000
    25   -0.000000   -0.000000
    26    0.000000    0.000000
    27   -0.000000   -0.000000
    28    0.000000    0.000000
    29    0.000000   -0.000000
    30   -0.000000   -0.000000
    31    0.000000    0.000000
    32   -0.000000   -0.000000
    33    0.000000    0.000000
    34    0.000000   -0.000000
    35   -0.000000    0.000000
    36    0.000000    0.000000
    37   -0.000000   -0.000000
    38    0.000000    0.000000
    39   -0.000000   -0.000000
    40    0.000000    0.000000
    41   -0.000000   -0.000000
    42    0.000000    0.000000
    43   -0.000000   -0.000000
    44    0.000000    0.000000
    45    0.000000   -0.000000
    46   -0.000000   -0.000000
    47    0.000000    0.000000
    48   -0.000000   -0.000000
    49    0.000000    0.000000
    50   -0.000000   -0.000000
    51    0.000000    0.000000
    52   -0.000000   -0.000000
    53    0.000000    0.000000
    54    0.000000   -0.000000
    55   -0.000000   -0.000000
    56    0.000000    0.000000
    57   -0.000000   -0.000000
    58    0.000000    0.000001
    59    0.000000   -0.000001
    60   -0.000001    0.000000
    61    0.000003    0.000002
    62   -0.000007   -0.000005
    63    0.000012    0.000012
    64   -0.000019   -0.000021
    65    0.000028    0.000033
    66   -0.000040   -0.000049
    67    0.000053    0.000068
    68   -0.000068   -0.000088
    69    0.000082    0.000110
    70   -0.000096   -0.000130
    71    0.000105    0.000147
    72   -0.000108   -0.000158
    73    0.000100    0.000157
    74   -0.000072   -0.000138
    75    0.000006    0.000090
    76    0.000135    0.000014
    77   -0.000419   -0.000231
    78    0.000962    0.000679
    79   -0.001940   -0.001564
    80    0.003584    0.003201
    81   -0.006175   -0.006011
    82    0.010001    0.010475
    83   -0.015308   -0.017059
    84    0.022241    0.026092
    85   -0.030788   -0.037657
    86    0.040745    0.051511
    87   -0.051692   -0.067068
    88    0.062973    0.083436
    89   -0.073669   -0.099419
    90    0.082679    0.113466
    91   -0.089086   -0.123664
    92    0.093084    0.128211
    93   -0.097560   -0.127029
    94    0.110114    0.124925
    95   -0.144915   -0.135924
    96    0.223553    0.187205
    97   -0.374038   -0.320347
    98    0.627258    0.587844
    99   -1.010300   -1.043897
   100    1.536443    1.729750
   101   -2.192682   -2.654530
   102    2.927433    3.773586
   103   -3.643068   -4.968672
   104    4.198907    6.038155
   105   -4.429441   -6.708671
   106    4.179637    6.678739
   107   -3.353881   -5.697652
   108    1.966686    3.669303
   109   -0.172137   -0.752005
   110   -1.760144   -2.595830
   111    3.552185    5.690592
   112   -5.111310   -7.879881
   113    6.758295    8.987917
   114   -9.365838   -9.837431
   115   14.229959   12.567068
   116  -22.517283  -20.328846
   117   34.269315   35.989694
   118  -47.190085  -59.801373
   119   55.702452   86.632532
   120  -50.886915 -104.028627
   121   21.806869   92.653648
   122   41.627515  -30.216742
   123 -144.621946 -101.199179
   124  283.257991  305.992905
   125 -441.633666 -566.943569
   126  592.355739  841.718443
   127 -702.038928-1067.534284
   128  741.961545 1176.354130
   129 -701.412986-1119.905517
   130  598.588034  898.464422
   131 -482.756448 -581.374292
   132  422.948242  304.528023
   133 -482.168199 -234.469009
   134  680.581357  500.652453
   135 -954.709665-1111.547682
   136 1122.298111 1878.866810
   137 -865.113039-2373.274179
   138 -255.178380 1928.519972
   139 2732.109112  292.111047
   140-6991.239936-5149.468020
   14113219.11575013285.426673
   142************************
   14330146.89299538881.302324
   144************************
   14545985.54756666505.479534
   146************************
   14751357.33237375556.939489
   148************************
   14947229.89507360787.764533
   150************************
   15146868.37280250599.672425
   152************************
   15358816.25488673228.418360
   154************************
   15573787.619004************
   156************************
   15775337.122394************
   158************************
   15948129.39148577997.042966
   160************************
   161************-4913.342781
   162************90022.376091
   163************************
   164************************
   165************************
   166************************
   167************************
   168************************
   169************************
   170************93636.268345
   171************************
   172************************
   173************************
   174************************
   175************************
   176************************
   177************************
   178************************
   179************************
   180************************
   181************************
   182************************
   183************************
   184************************
   185************************
   186************************
   187************************
   188************************
   189************************
   190************************
   191************************
   192************************
   193************************
   194************************
   195************************
   196************************
   197************************
   198************************
   199************************
   200************************
   201************************
   202************************
   203************************
   204************************
   205************************
   206************************
   207************************
   208************************
   209************************
   210************************
   211************************
   212************************
   213************************
   214************************
   215************************
   216************************
   217************************
   218************************
   219************************
   220************************
   221************************
   222************************
   223************************
   224************************
   225************************
   226************************
   227************************
   228************************
   229************************
   230************************
   231************************
   232************************
   233************************
   234************************
   235************************
   236************************
   237************************
   238************************
   239************************
   240************************
   241************************
   242************************
   243************************
   244************************
   245************************
   246************************
   247************************
   248************************
   249************************
   250************************
   251************************
   252************************
   253************************
   254************************
   255************************
   256************************
   257************************
   258************************
   259************************
   260************************
   261************************
   262************************
   263************************
   264************************
   265************************
   266************************
   267************************
   268************************
   269************************
   270************************
   271************************
   272************************
   273************************
   274************************
   275************************
   276************************
   277************************
   278************************
   279************************
   280************************
   281************************
   282************************
   283************************
   284************************
   285************************
   286************************
   287************************
   288************************
   289************************
   290************************
   291************************
   292************************
   293************************
   294************************
   295************************
   296************************
   297************************
   298************************
   299************************
   300************************
   301************************
   302************************
   303************************
   304************************
   305************************
   306************************
   307************************
   308************************
   309************************
   310************************
   311************************
   312************************
   313************************
   314************************
   315************************
   316************************
   317************************
   318************************
   319************************
   320************************
   321************************
   322************************
   323************************
   324************************
   325************************
   326************************
   327************************
   328************************
   329************-2203.516329
   330************64178.492782
   331************************
   332************************
   333************************
   334************************
   335************************
   336************************
   337************************
   338************91850.744455
   339************************
   340************************
   34143604.32117570097.139407
   342************************
   34372280.095836************
   344************************
   34573477.358774************
   346************************
   34760486.49110476181.107317
   348************************
   34949008.31169653922.477652
   350************************
   35148700.46533262760.333618
   352************************
   35351854.64102375947.178466
   354************************
   35545847.36629366053.480646
   356************************
   35729866.98288738385.233941
   358************************
   35913092.14628113118.392082
   360-6967.288102-5154.508243
   361 2797.126794  431.164537
   362 -383.443098 1705.739269
   363 -702.479561-2115.830972
   364  951.119195 1625.634816
   365 -794.168092 -887.416713
   366  542.102303  317.156776
   367 -370.216234  -93.051055
   368  336.920865  200.522439
   369 -419.140159 -507.414579
   370  552.773096  846.829085
   371 -668.903201-1083.871818
   372  718.998291 1150.806795
   373 -685.797212-1049.045660
   374  580.882865  828.267907
   375 -433.659361 -557.445974
   376  277.964201  299.815740
   377 -141.435142  -97.811005
   378   40.074315  -31.408841
   379   22.167463   92.307178
   380  -50.469014 -102.785870
   381   54.866943   85.031983
   382  -46.216261  -58.223835
   383   33.342113   34.649611
   384  -21.733647  -19.301053
   385   13.618752   11.831954
   386   -8.912890   -9.328422
   387    6.429572    8.629735
   388   -4.870043   -7.611816
   389    3.368609    5.474750
   390   -1.614674   -2.414501
   391   -0.290186   -0.904047
   392    2.062348    3.792573
   393   -3.429751   -5.793031
   394    4.237955    6.749339
   395   -4.472907   -6.759406
   396    4.230579    6.074381
   397   -3.665911   -4.994946
   398    2.943909    3.793072
   399   -2.204570   -2.669053
   400    1.544897    1.740240
   401   -1.016042   -1.050885
   402    0.630792    0.591813
   403   -0.375797   -0.321880
   404    0.223971    0.186965
   405   -0.144421   -0.134577
   406    0.109095    0.123049
   407   -0.096333   -0.125065
   408    0.091874    0.126441
   409   -0.088029   -0.122228
   410    0.081835    0.112394
   411   -0.073043   -0.098674
   412    0.062539    0.082950
   413   -0.051411   -0.066771
   414    0.040576    0.051342
   415   -0.030696   -0.037573
   416    0.022199    0.026063
   417   -0.015297   -0.017065
   418    0.010008    0.010500
   419   -0.006192   -0.006043
   420    0.003604    0.003234
   421   -0.001959   -0.001592
   422    0.000979    0.000701
   423   -0.000431   -0.000246
   424    0.000144    0.000024
   425   -0.000000    0.000083
   426   -0.000068   -0.000134
   427    0.000097    0.000155
   428   -0.000107   -0.000157
   429    0.000104    0.000147
   430   -0.000095   -0.000130
   431    0.000082    0.000110
   432   -0.000068   -0.000088
   433    0.000053    0.000068
   434   -0.000040   -0.000049
   435    0.000028    0.000033
   436   -0.000019   -0.000021
   437    0.000012    0.000012
   438   -0.000007   -0.000005
   439    0.000003    0.000002
   440   -0.000001    0.000000
   441    0.000000   -0.000001
   442    0.000000    0.000001
   443   -0.000000   -0.000000
   444    0.000000    0.000000
   445   -0.000000   -0.000000
   446    0.000000   -0.000000
   447    0.000000    0.000000
   448   -0.000000   -0.000000
   449    0.000000    0.000000
   450   -0.000000   -0.000000
   451    0.000000    0.000000
   452   -0.000000   -0.000000
   453    0.000000    0.000000
   454   -0.000000   -0.000000
   455    0.000000   -0.000000
   456    0.000000    0.000000
   457   -0.000000   -0.000000
   458    0.000000    0.000000
   459   -0.000000   -0.000000
   460    0.000000    0.000000
   461   -0.000000   -0.000000
   462    0.000000   -0.000000
   463   -0.000000    0.000000
   464    0.000000   -0.000000
   465   -0.000002    0.000000
   466    0.000006    0.000001
   467   -0.000019   -0.000005
   468    0.000056    0.000021
   469   -0.000144   -0.000071
   470    0.000336    0.000206
   471   -0.000705   -0.000518
   472    0.001341    0.001148
   473   -0.002323   -0.002268
   474    0.003689    0.004026
   475   -0.005389   -0.006464
   476    0.007277    0.009425
   477   -0.009118   -0.012524
   478    0.010636    0.015208
   479   -0.011587   -0.016915
   480    0.011818    0.017271
   481   -0.011194   -0.016059
   482    0.009852    0.013612
   483   -0.008049   -0.010514
   484    0.006090    0.007388
   485   -0.004255   -0.004709
   486    0.002734    0.002713
   487   -0.001608   -0.001405
   488    0.000862    0.000649
   489   -0.000419   -0.000264
   490    0.000184    0.000093
   491   -0.000072   -0.000028
   492    0.000025    0.000007
   493   -0.000008   -0.000001
   494    0.000002    0.000000
   495   -0.000000    0.000000
   496    0.000000   -0.000000
   497   -0.000000    0.000000
   498    0.000000   -0.000000
   499   -0.000000    0.000000
   500    0.000000   -0.000000
   501   -0.000000    0.000000
   502    0.000000   -0.000000
   503   -0.000000    0.000000
   504    0.000000   -0.000000
   505   -0.000000    0.000000
   506    0.000000   -0.000000
   507   -0.000000   -0.000000
   508    0.000000    0.000000
   509   -0.000000   -0.000000
   510    0.000000    0.000000
   511   -0.000000   -0.000000
   512    0.000000    0.000000
   513   -0.000000   -0.000000
   514    0.000000    0.000000
   515   -0.000000   -0.000000
   516    0.000000    0.000000
   517   -0.000000   -0.000000
   518    0.000000    0.000000
   519   -0.000000   -0.000000
   520    0.000000    0.000000
   521   -0.000000   -0.000000
   522    0.000000    0.000000
   523   -0.000000   -0.000000
   524    0.000000    0.000000
   525   -0.000000   -0.000000
   526    0.000000    0.000000
   527   -0.000000   -0.000000
   528    0.000000    0.000000
   529   -0.000000   -0.000000
   530    0.000000    0.000000
   531   -0.000000   -0.000000
   532    0.000000    0.000000
   533   -0.000000   -0.000000
   534    0.000000    0.000000
   535   -0.000000   -0.000000
   536    0.000000   -0.000000
   537   -0.000000    0.000000
   538    0.000000   -0.000000
   539   -0.000000    0.000000
   540    0.000000   -0.000000
   541   -0.000000    0.000000
   542    0.000000   -0.000000
   543   -0.000000    0.000000
   544    0.000000   -0.000000
   545   -0.000000   -0.000000
   546    0.000000    0.000000
   547   -0.000000   -0.000000
   548    0.000000    0.000000
   549   -0.000000   -0.000000
   550    0.000000    0.000000
   551   -0.000000   -0.000000
   552    0.000000    0.000000
   553   -0.000000   -0.000000
   554    0.000000    0.000000
   555   -0.000000   -0.000000
   556    0.000000    0.000000
   557   -0.000000   -0.000000
   558    0.000000    0.000000
   559   -0.000000   -0.000000
   560    0.000000    0.000000
   561   -0.000000   -0.000000
   562    0.000000    0.000000
   563   -0.000000   -0.000000
   564    0.000000    0.000000
   565   -0.000000   -0.000000
   566    0.000000    0.000000
   567   -0.000000   -0.000000
   568    0.000000    0.000000
   569   -0.000000    0.000000
   570    0.000000   -0.000000
   571    0.000000    0.000000
   572   -0.000000   -0.000000
   573    0.000000    0.000000
   574   -0.000000   -0.000000
   575    0.000000    0.000000
   576   -0.000000   -0.000000
   577    0.000000    0.000000
   578   -0.000000   -0.000000
   579    0.000000    0.000000
   580   -0.000000   -0.000000
   581    0.000000    0.000000
   582   -0.000000   -0.000000
   583    0.000000    0.000000
   584   -0.000000   -0.000000
   585    0.000000    0.000000
   586   -0.000000    0.000000
   587    0.000000   -0.000000
   588    0.000000    0.000000
   589   -0.000000   -0.000000
   590    0.000000    0.000000
   591   -0.000000    0.000000
   592    0.000000   -0.000000
   593   -0.000000    0.000000
   594    0.000000    0.000000
   595   -0.000000   -0.000000
   596    0.000000    0.000000
   597   -0.000000   -0.000000
   598    0.000000    0.000000
   599   -0.000000   -0.000000
   600    0.000000    0.000000
   601   -0.000000   -0.000000
   602    0.000000    0.000000
   603   -0.000000   -0.000000
   604    0.000000    0.000000
   605   -0.000000   -0.000000
   606    0.000000   -0.000000
   607    0.000000    0.000000
   608   -0.000000   -0.000000
   609    0.000000    0.000000
   610   -0.000000   -0.000000
   611    0.000000    0.000000
   612   -0.000000   -0.000000
   613    0.000000   -0.000000
   614    0.000000    0.000000
   615   -0.000000   -0.000000
   616    0.000000    0.000000
   617   -0.000000   -0.000000
   618    0.000000    0.000000
   619   -0.000000   -0.000000
   620    0.000000   -0.000000
   621   -0.000000    0.000000
   622   -0.000000   -0.000000
   623    0.000000    0.000000
   624   -0.000000   -0.000000
   625    0.000000    0.000000
   626   -0.000000   -0.000000
   627    0.000000    0.000000
   628   -0.000000   -0.000000
   629    0.000000    0.000000
   630   -0.000000   -0.000000
   631    0.000000    0.000000
   632   -0.000000   -0.000000
   633    0.000000    0.000000
   634   -0.000000   -0.000000
   635    0.000000    0.000000
   636   -0.000000   -0.000000
   637    0.000000    0.000000
   638   -0.000000   -0.000000
   639    0.000000    0.000000
   640   -0.000000   -0.000000
   641    0.000000    0.000000
   642   -0.000000   -0.000000
   643    0.000000    0.000000
   644   -0.000000   -0.000000
   645    0.000000    0.000000
   646   -0.000000   -0.000000
   647    0.000000    0.000000
   648   -0.000000   -0.000000
   649    0.000000   -0.000000
   650   -0.000000    0.000000
   651   -0.000000   -0.000000
   652    0.000000    0.000000
   653   -0.000000   -0.000000
   654    0.000000    0.000000
   655   -0.000000   -0.000000
   656    0.000000    0.000000
   657   -0.000000   -0.000000
   658    0.000000    0.000000
   659   -0.000000   -0.000000
   660    0.000000    0.000000
   661   -0.000000   -0.000000
   662    0.000000    0.000000
   663   -0.000000   -0.000000
   664    0.000000    0.000000
   665   -0.000000   -0.000000
   666    0.000000    0.000000
   667   -0.000000   -0.000000
   668    0.000000    0.000000
   669   -0.000000   -0.000000
   670    0.000000    0.000000
   671   -0.000000    0.000000
   672    0.000000   -0.000000
   673    0.000000    0.000000
   674   -0.000000   -0.000000
   675    0.000000    0.000000
   676   -0.000000   -0.000000
   677    0.000000    0.000000
   678   -0.000000   -0.000000
   679    0.000000    0.000000
   680   -0.000000   -0.000000
   681    0.000000    0.000000
   682   -0.000000   -0.000000
   683    0.000000    0.000000
   684   -0.000000   -0.000000
   685    0.000000    0.000000
   686   -0.000000   -0.000000
   687    0.000000   -0.000000
   688   -0.000000    0.000000
   689    0.000000   -0.000000
   690   -0.000000   -0.000000
   691    0.000000    0.000000
   692   -0.000000    0.000000
   693   -0.000000   -0.000000
   694    0.000000    0.000000
   695   -0.000000    0.000000
   696    0.000000   -0.000000
   697    0.000000    0.000000
   698   -0.000000    0.000000
   699   -0.000000   -0.000000
   700    0.000000    0.000000
   701   -0.000000   -0.000000
   702    0.000000    0.000000
   703   -0.000000   -0.000000
   704    0.000000    0.000000
   705   -0.000000   -0.000000
   706    0.000000    0.000000
   707   -0.000000   -0.000000
   708    0.000000    0.000000
   709   -0.000000   -0.000000
   710    0.000000    0.000000
   711   -0.000000   -0.000000
   712    0.000000    0.000000
   713   -0.000000   -0.000000
   714    0.000000    0.000000
   715   -0.000000   -0.000000
   716    0.000000    0.000000
   717   -0.000000   -0.000000
   718    0.000000    0.000000
   719   -0.000000   -0.000000
   720    0.000000    0.000000
   721   -0.000000   -0.000000
   722    0.000000    0.000000
   723   -0.000000   -0.000000
   724    0.000000    0.000000
   725   -0.000000   -0.000000
   726    0.000000    0.000000
   727   -0.000000   -0.000000
   728    0.000000    0.000000
   729   -0.000000   -0.000000
   730    0.000000    0.000000
   731   -0.000000   -0.000000
   732    0.000000    0.000000
   733   -0.000000   -0.000000
   734    0.000000    0.000000
   735   -0.000000    0.000000
   736    0.000000   -0.000000
   737   -0.000000    0.000000
   738   -0.000000   -0.000000
   739    0.000000    0.000000
   740   -0.000000   -0.000000
   741    0.000000    0.000000
   742   -0.000000   -0.000000
   743    0.000000    0.000000
   744   -0.000000   -0.000000
   745    0.000000    0.000000
   746   -0.000000   -0.000000
   747    0.000000    0.000000
   748   -0.000000   -0.000000
   749    0.000000    0.000000
   750   -0.000000   -0.000000
   751    0.000000    0.000000
   752   -0.000000   -0.000000
   753    0.000000    0.000000
   754   -0.000000   -0.000000
   755    0.000000    0.000000
   756   -0.000000   -0.000000
   757    0.000000   -0.000000
   758   -0.000000    0.000000
   759    0.000000   -0.000000
   760   -0.000000    0.000000
   761   -0.000000    0.000000
   762   -0.000000   -0.000000
   763    0.000000    0.000000
   764   -0.000000   -0.000000
   765    0.000000    0.000000
   766   -0.000000   -0.000000
   767    0.000000    0.000000
   768   -0.000000   -0.000000
   769    0.000000    0.000000
   770   -0.000000   -0.000000
   771    0.000000    0.000000
   772   -0.000000   -0.000000
   773    0.000000    0.000000
   774   -0.000000   -0.000000
   775    0.000000    0.000000
   776   -0.000000   -0.000000
   777    0.000000    0.000000
   778   -0.000000   -0.000000
   779    0.000000    0.000000
   780   -0.000000   -0.000000
   781    0.000000    0.000000
   782   -0.000000   -0.000000
   783    0.000000    0.000000
   784   -0.000000   -0.000000
   785    0.000000    0.000000
   786   -0.000000   -0.000000
   787    0.000000   -0.000000
   788   -0.000000    0.000000
   789   -0.000000   -0.000000
   790    0.000000    0.000000
   791   -0.000000   -0.000000
   792    0.000000    0.000000
   793   -0.000000   -0.000000
   794    0.000000    0.000000
   795   -0.000000   -0.000000
   796    0.000000   -0.000000
   797   -0.000000    0.000000
   798    0.000000   -0.000000
   799   -0.000000    0.000000
   800    0.000000   -0.000000
   801    0.000000   -0.000000
   802    0.000000   -0.000000
   803    0.000000   -0.000000
   804    0.000000   -0.000000
   805   -0.000000   -0.000000
   806    0.000000    0.000000
   807   -0.000000   -0.000000
   808    0.000000    0.000000
   809   -0.000000   -0.000000
   810    0.000000    0.000000
   811   -0.000000   -0.000000
   812    0.000000   -0.000000
   813    0.000000    0.000000
   814   -0.000000   -0.000000
   815    0.000000    0.000000
   816   -0.000000   -0.000000
   817    0.000000    0.000000
   818   -0.000000   -0.000000
   819    0.000000   -0.000000
   820   -0.000000    0.000000
   821    0.000000   -0.000000
   822    0.000000    0.000000
   823    0.000000   -0.000000
   824    0.000000    0.000000
   825    0.000000   -0.000000
   826    0.000000    0.000000
   827   -0.000000   -0.000000
   828    0.000000    0.000000
   829   -0.000000   -0.000000
   830    0.000000    0.000000
   831   -0.000000   -0.000000
   832    0.000000    0.000000
   833   -0.000000    0.000000
   834    0.000000    0.000000
   835    0.000000   -0.000000
   836    0.000000    0.000000
   837   -0.000000   -0.000000
   838    0.000000    0.000000
   839   -0.000000   -0.000000
   840    0.000000    0.000000
   841   -0.000000   -0.000000
   842    0.000000    0.000000
   843   -0.000000   -0.000000
   844    0.000000    0.000000
   845   -0.000000    0.000000
   846    0.000000    0.000000
   847   -0.000000    0.000000
   848    0.000000    0.000000
   849    0.000000    0.000000
   850    0.000000    0.000000
   851    0.000000    0.000000
   852    0.000000    0.000000
   853    0.000000    0.000000
   854    0.000000    0.000000
   855   -0.000000    0.000000
   856    0.000000    0.000000
   857   -0.000000    0.000000
   858    0.000000    0.000000
   859   -0.000000    0.000000
   860    0.000000    0.000000
   861    0.000000    0.000000
   862    0.000000    0.000000
   863    0.000000    0.000000
   864    0.000000    0.000000
   865    0.000000    0.000000
   866    0.000000    0.000000
   867    0.000000    0.000000
   868    0.000000    0.000000
   869    0.000000    0.000000
   870    0.000000    0.000000
   871    0.000000    0.000000
   872    0.000000    0.000000
   873   -0.000000    0.000000
   874    0.000000    0.000000
   875   -0.000000    0.000000
   876    0.000000    0.000000
   877   -0.000000    0.000000
   878    0.000000    0.000000
   879    0.000000    0.000000
   880    0.000000    0.000000
   881    0.000000    0.000000
   882   -0.000000    0.000000
   883    0.000000    0.000000
   884   -0.000000    0.000000
   885    0.000000    0.000000
   886   -0.000000    0.000000
   887    0.000000    0.000000
   888   -0.000000    0.000000
   889   -0.000000    0.000000
   890   -0.000000    0.000000
   891   -0.000000    0.000000
   892   -0.000000    0.000000
   893   -0.000000    0.000000
   894   -0.000000    0.000000
   895   -0.000000    0.000000
   896   -0.000000    0.000000
   897   -0.000000    0.000000
   898   -0.000000    0.000000
   899   -0.000000    0.000000
   900   -0.000000    0.000000
   901   -0.000000    0.000000
   902   -0.000000    0.000000
   903   -0.000000    0.000000
   904   -0.000000    0.000000
   905   -0.000000    0.000000
   906   -0.000000    0.000000
   907   -0.000000    0.000000
   908   -0.000000    0.000000
   909   -0.000000    0.000000
   910   -0.000000    0.000000
   911   -0.000000    0.000000
   912   -0.000000    0.000000
   913   -0.000000    0.000000
   914   -0.000000    0.000000
   915   -0.000000    0.000000
   916   -0.000000    0.000000
   917   -0.000000    0.000000
   918   -0.000000    0.000000
   919   -0.000000    0.000000
   920   -0.000000    0.000000
   921   -0.000000    0.000000
   922   -0.000000    0.000000
   923   -0.000000    0.000000
   924   -0.000000    0.000000
   925   -0.000000    0.000000
   926   -0.000000    0.000000
   927   -0.000000    0.000000
   928   -0.000000    0.000000
   929   -0.000000    0.000000
   930   -0.000000    0.000000
   931   -0.000000    0.000000
   932   -0.000000    0.000000
   933   -0.000000    0.000000
   934   -0.000000    0.000000
   935   -0.000000    0.000000
   936   -0.000000    0.000000
   937   -0.000000    0.000000
   938   -0.000000    0.000000
   939   -0.000000    0.000000
   940   -0.000000    0.000000
   941   -0.000000    0.000000
   942   -0.000000    0.000000
   943   -0.000000    0.000000
   944   -0.000000    0.000000
   945   -0.000000    0.000000
   946   -0.000000    0.000000
   947   -0.000000    0.000000
   948   -0.000000    0.000000
   949   -0.000000    0.000000
   950   -0.000000    0.000000
   951   -0.000000    0.000000
   952   -0.000000    0.000000
   953   -0.000000    0.000000
   954   -0.000000    0.000000
   955   -0.000000    0.000000
   956   -0.000000    0.000000
   957   -0.000000    0.000000
   958   -0.000000    0.000000
   959   -0.000000    0.000000
   960   -0.000000    0.000000
   961   -0.000000    0.000000
   962   -0.000000    0.000000
   963   -0.000000   -0.000000
   964   -0.000000   -0.000000
   965   -0.000000   -0.000000
   966   -0.000000   -0.000000
   967   -0.000000   -0.000000
   968   -0.000000   -0.000000
   969   -0.000000   -0.000000
   970   -0.000000   -0.000000
   971   -0.000000   -0.000000
   972   -0.000000   -0.000000
   973   -0.000000   -0.000000
   974   -0.000000   -0.000000
   975   -0.000000   -0.000000
   976   -0.000000   -0.000000
   977   -0.000000   -0.000000
   978   -0.000000   -0.000000
   979   -0.000000   -0.000000
   980   -0.000000   -0.000000
   981   -0.000000   -0.000000
   982   -0.000000   -0.000000
   983   -0.000000   -0.000000
   984   -0.000000   -0.000000
   985   -0.000000   -0.000000
   986   -0.000000   -0.000000
   987   -0.000000   -0.000000
   988   -0.000000   -0.000000
   989   -0.000000   -0.000000
   990   -0.000000   -0.000000
   991   -0.000000   -0.000000
   992   -0.000000   -0.000000
   993   -0.000000   -0.000000
   994   -0.000000   -0.000000
   995   -0.000000   -0.000000
   996   -0.000000    0.000000
   997   -0.000000   -0.000000
   998    0.000000    0.000000
   999   -0.000000   -0.000000
  1000    0.000000    0.000000
