     1    0.000000    0.000000
     2    0.000000   -0.000000
     3   -0.000001    0.000000
     4    0.000001   -0.000000
     5   -0.000001    0.000001
     6    0.000001   -0.000000
     7   -0.000000    0.000000
     8    0.000000   -0.000000
     9   -0.000000    0.000000
    10    0.000000   -0.000000
    11   -0.000000    0.000000
    12    0.000000   -0.000000
    13   -0.000000    0.000000
    14    0.000000   -0.000000
    15   -0.000000    0.000000
    16   -0.000000   -0.000000
    17    0.000000    0.000000
    18   -0.000000   -0.000000
    19    0.000000    0.000000
    20   -0.000000   -0.000000
    21    0.000000   -0.000000
    22   -0.000000    0.000000
    23    0.000000   -0.000000
    24   -0.000000    0.000000
    25    0.000000   -0.000000
    26   -0.000000    0.000000
    27    0.000000   -0.000000
    28   -0.000000    0.000000
    29    0.000000    0.000000
    30    0.000000   -0.000000
    31   -0.000000    0.000000
    32    0.000000   -0.000000
    33   -0.000000    0.000000
    34    0.000000   -0.000000
    35   -0.000000   -0.000000
    36   -0.000000    0.000000
    37    0.000000   -0.000000
    38   -0.000000    0.000000
    39    0.000000   -0.000000
    40   -0.000000    0.000000
    41    0.000000   -0.000000
    42   -0.000000    0.000000
    43    0.000000   -0.000000
    44   -0.000000    0.000000
    45    0.000000    0.000000
    46    0.000000   -0.000000
    47   -0.000000    0.000000
    48    0.000000   -0.000000
    49   -0.000000    0.000000
    50    0.000000   -0.000000
    51   -0.000000    0.000000
    52    0.000000   -0.000000
    53   -0.000000    0.000000
    54    0.000000   -0.000000
    55    0.000000   -0.000000
    56   -0.000000    0.000000
    57    0.000000   -0.000000
    58   -0.000000    0.000000
    59    0.000000   -0.000000
    60   -0.000000   -0.000000
    61   -0.000000    0.000000
    62    0.000000   -0.000001
    63   -0.000001    0.000001
    64    0.000002   -0.000002
    65   -0.000003    0.000003
    66    0.000004   -0.000004
    67   -0.000006    0.000006
    68    0.000008   -0.000008
    69   -0.000010    0.000009
    70    0.000012   -0.000011
    71   -0.000014    0.000012
    72    0.000015   -0.000013
    73   -0.000015    0.000012
    74    0.000013   -0.000009
    75   -0.000010    0.000003
    76    0.000002    0.000010
    77    0.000015   -0.000037
    78   -0.000050    0.000090
    79    0.000121   -0.000188
    80   -0.000258    0.000358
    81    0.000500   -0.000633
    82   -0.000893    0.001047
    83    0.001485   -0.001632
    84   -0.002308    0.002407
    85    0.003373   -0.003374
    86   -0.004659    0.004510
    87    0.006110   -0.005768
    88   -0.007642    0.007075
    89    0.009150   -0.008328
    90   -0.010494    0.009396
    91    0.011490   -0.010148
    92   -0.011932    0.010538
    93    0.011715   -0.010782
    94   -0.011136    0.011607
    95    0.011339   -0.014504
    96   -0.014753    0.021888
    97    0.025281   -0.037043
    98   -0.048007    0.063753
    99    0.088342   -0.105556
   100   -0.150646    0.164591
   101    0.236430   -0.240098
   102   -0.342266    0.326858
   103    0.457728   -0.414065
   104   -0.564120    0.485330
   105    0.635162   -0.520485
   106   -0.640831    0.499540
   107    0.554856   -0.408621
   108   -0.365069    0.246712
   109    0.084042   -0.030656
   110    0.244614   -0.205552
   111   -0.550926    0.421454
   112    0.761190   -0.592784
   113   -0.841533    0.741979
   114    0.854119   -0.963190
   115   -0.999926    1.419623
   116    1.605008   -2.289517
   117   -3.005790    3.650259
   118    5.319186   -5.320007
   119   -8.148384    6.713436
   120   10.351684   -6.793456
   121  -10.042316    4.195091
   122    4.947107    2.443964
   123    6.872247  -13.979326
   124  -26.090554   30.195062
   125   51.265782  -49.369969
   126  -78.407322   68.224779
   127  101.317040  -82.485696
   128 -112.978032   88.146216
   129  108.010060  -83.197703
   130  -85.684973   69.227596
   131   52.314725  -52.056306
   132  -21.412772   40.688260
   133   10.395636  -44.311580
   134  -33.858927   67.714115
   135   95.061844 -106.036304
   136 -178.221935  140.121880
   137  243.992258 -133.927954
   138 -229.532040   35.664331
   139   54.085919  215.515152
   140  368.342236 -675.843304
   141-1106.851333 1376.631109
   142 2181.473323-2301.281311
   143-3527.069309 3368.264008
   144 4969.603385-4431.775594
   145-6238.315442 5309.647615
   146 7032.098498-5838.474379
   147-7135.336249 5940.917490
   148 6543.637802-5676.758089
   149-5532.653206 5246.911616
   150 4607.396952-4934.437989
   151-4317.329263 4995.989824
   152 4999.417563-5547.863188
   153-6576.106310 6503.697066
   154 8538.258335-7601.687159
   155************ 8511.096565
   15610854.818385-8955.317536
   157************ 8767.259031
   158 9200.516580-7826.369032
   159-7392.961457 5908.294163
   160 4849.060027-2565.983819
   161 -591.585959-2804.966788
   162-6875.58234210631.466551
   16318596.785090************
   164************31432.616589
   16549413.834630************
   166************45024.875509
   16759831.511800************
   168************35215.584477
   16925578.532729************
   170-4469.40950717249.410255
   171-3962.608507************
   172-9447.42570331956.554859
   17345704.219317************
   174************90974.449551
   175************************
   176************************
   177************************
   178************************
   179************************
   180************************
   181************************
   182************************
   183************************
   184************************
   185************************
   186************************
   187************************
   188************************
   189************************
   190************************
   191************************
   192************************
   193************************
   194************************
   195************************
   196************************
   197************************
   198************************
   199************************
   200************************
   201************************
   202************************
   203************************
   204************************
   205************************
   206************************
   207************************
   208************************
   209************************
   210************************
   211************************
   212************************
   213************************
   214************************
   215************************
   216************************
   217************************
   218************************
   219************************
   220************************
   221************************
   222************************
   223************************
   224************************
   225************************
   226************************
   227************************
   228************************
   229************************
   230************************
   231************************
   232************************
   233************************
   234************************
   235************************
   236************************
   237************************
   238************************
   239************************
   240************************
   241************************
   242************************
   243************************
   244************************
   245************************
   246************************
   247************************
   248************************
   249************************
   250************************
   251************************
   252************************
   253************************
   254************************
   255************************
   256************************
   257************************
   258************************
   259************************
   260************************
   261************************
   262************************
   263************************
   264************************
   265************************
   266************************
   267************************
   268************************
   269************************
   270************************
   271************************
   272************************
   273************************
   274************************
   275************************
   276************************
   27784839.529015************
   278************************
   279************************
   280************************
   281************************
   282************************
   283************************
   284************************
   285************************
   286************************
   287************************
   288************************
   289************************
   290************************
   291************************
   292************************
   293************************
   294************************
   295************************
   296************************
   297************************
   298************************
   299************************
   300************************
   301************************
   302************************
   303************************
   304************************
   305************-3440.731568
   306************************
   307************************
   308************************
   309************************
   310************************
   311************************
   312************************
   313************************
   314************************
   315************************
   316************************
   317************************
   318************************
   319************************
   320************************
   321************************
   322************************
   323************************
   324************************
   325************************
   326************88148.845707
   32742483.987901************
   328-6396.59253429101.705513
   329-6809.173162************
   330-1794.38291814686.504255
   33123017.202737************
   332************32986.921073
   33357516.380633************
   334************43328.317023
   33547868.216869************
   336************30573.309182
   33718278.866588************
   338-7098.81271410648.791872
   339    4.289018-3134.983510
   340 4078.397604-2055.633179
   341-6626.092978 5351.494327
   342 8567.674473-7333.543828
   343************ 8411.037860
   34410659.731203-8767.703288
   345************ 8488.960490
   346 8722.594025-7716.400303
   347-6866.636414 6711.815383
   348 5331.849921-5801.219938
   349-4634.610969 5250.265030
   350 4867.813190-5155.419068
   351-5713.981865 5413.843542
   352 6642.819110-5782.672727
   353-7164.282194 5990.437379
   354 7011.312937-5844.021802
   355-6190.413518 5287.142806
   356 4914.395163-4396.804510
   357-3478.895855 3333.391864
   358 2148.549957-2274.763258
   359-1091.924904 1362.362417
   360  370.012101 -674.140382
   361   39.801962  224.276899
   362 -207.653123   19.764248
   363  219.281801 -114.432412
   364 -154.342699  120.075472
   365   74.256539  -87.601402
   366  -17.070348   52.091577
   367   -2.371155  -31.884505
   368  -12.138582   31.277445
   369   45.791989  -45.184383
   370  -81.169519   64.326648
   371  104.869948  -79.739367
   372 -110.743565   85.703877
   373   99.684089  -80.749621
   374  -77.206672   66.989401
   375   50.413969  -48.507391
   376  -25.540823   29.625148
   377    6.580622  -13.644323
   378    5.035395    2.292513
   379   -9.990374    4.213780
   380   10.221215   -6.728087
   381   -7.990308    6.606137
   382    5.168507   -5.202539
   383   -2.881196    3.542692
   384    1.511869   -2.201400
   385   -0.934928    1.352714
   386    0.809971   -0.914643
   387   -0.810642    0.707143
   388    0.737782   -0.567156
   389   -0.531657    0.401675
   390    0.228133   -0.189601
   391    0.097963   -0.043754
   392   -0.376323    0.257352
   393    0.563478   -0.417010
   394   -0.647128    0.505919
   395    0.639633   -0.525185
   396   -0.567294    0.488727
   397    0.460040   -0.416511
   398   -0.344000    0.328632
   399    0.237736   -0.241389
   400   -0.151593    0.165513
   401    0.088968   -0.106181
   402   -0.048353    0.064129
   403    0.025401   -0.037219
   404   -0.014711    0.021913
   405    0.011198   -0.014429
   406   -0.010952    0.011478
   407    0.011527   -0.010635
   408   -0.011766    0.010397
   409    0.011358   -0.010028
   410   -0.010397    0.009302
   411    0.009084   -0.008260
   412   -0.007600    0.007029
   413    0.006084   -0.005738
   414   -0.004645    0.004492
   415    0.003366   -0.003365
   416   -0.002306    0.002403
   417    0.001486   -0.001631
   418   -0.000896    0.001048
   419    0.000503   -0.000635
   420   -0.000261    0.000361
   421    0.000124   -0.000190
   422   -0.000052    0.000092
   423    0.000016   -0.000038
   424    0.000001    0.000011
   425   -0.000009    0.000003
   426    0.000013   -0.000009
   427   -0.000015    0.000012
   428    0.000015   -0.000012
   429   -0.000014    0.000012
   430    0.000012   -0.000011
   431   -0.000010    0.000009
   432    0.000008   -0.000008
   433   -0.000006    0.000006
   434    0.000004   -0.000004
   435   -0.000003    0.000003
   436    0.000002   -0.000002
   437   -0.000001    0.000001
   438    0.000000   -0.000001
   439   -0.000000    0.000000
   440   -0.000000   -0.000000
   441    0.000000   -0.000000
   442   -0.000000    0.000000
   443    0.000000   -0.000000
   444   -0.000000    0.000000
   445    0.000000   -0.000000
   446    0.000000   -0.000000
   447   -0.000000    0.000000
   448    0.000000   -0.000000
   449   -0.000000    0.000000
   450    0.000000   -0.000000
   451   -0.000000    0.000000
   452    0.000000   -0.000000
   453   -0.000000    0.000000
   454    0.000000   -0.000000
   455    0.000000    0.000000
   456   -0.000000    0.000000
   457    0.000000   -0.000000
   458   -0.000000    0.000000
   459    0.000000   -0.000000
   460   -0.000000    0.000000
   461    0.000000   -0.000000
   462    0.000000    0.000000
   463   -0.000000   -0.000000
   464    0.000000    0.000000
   465   -0.000000   -0.000000
   466    0.000000    0.000000
   467    0.000000   -0.000001
   468   -0.000001    0.000004
   469    0.000004   -0.000012
   470   -0.000014    0.000030
   471    0.000038   -0.000067
   472   -0.000090    0.000133
   473    0.000187   -0.000239
   474   -0.000346    0.000393
   475    0.000574   -0.000589
   476   -0.000856    0.000814
   477    0.001158   -0.001037
   478   -0.001422    0.001223
   479    0.001591   -0.001340
   480   -0.001625    0.001367
   481    0.001503   -0.001288
   482   -0.001261    0.001122
   483    0.000958   -0.000902
   484   -0.000658    0.000668
   485    0.000407   -0.000455
   486   -0.000226    0.000283
   487    0.000111   -0.000160
   488   -0.000048    0.000082
   489    0.000018   -0.000038
   490   -0.000006    0.000016
   491    0.000001   -0.000006
   492   -0.000000    0.000002
   493   -0.000000   -0.000001
   494    0.000000    0.000000
   495   -0.000000   -0.000000
   496    0.000000    0.000000
   497   -0.000000   -0.000000
   498    0.000000    0.000000
   499   -0.000000   -0.000000
   500    0.000000    0.000000
   501   -0.000000   -0.000000
   502    0.000000   -0.000000
   503   -0.000000    0.000000
   504    0.000000    0.000000
   505   -0.000000   -0.000000
   506    0.000000    0.000000
   507   -0.000000   -0.000000
   508   -0.000000    0.000000
   509    0.000000   -0.000000
   510   -0.000000    0.000000
   511    0.000000   -0.000000
   512   -0.000000    0.000000
   513    0.000000   -0.000000
   514   -0.000000    0.000000
   515    0.000000   -0.000000
   516   -0.000000    0.000000
   517    0.000000   -0.000000
   518   -0.000000    0.000000
   519    0.000000   -0.000000
   520   -0.000000    0.000000
   521    0.000000   -0.000000
   522   -0.000000    0.000000
   523    0.000000   -0.000000
   524   -0.000000    0.000000
   525    0.000000   -0.000000
   526   -0.000000    0.000000
   527    0.000000   -0.000000
   528   -0.000000    0.000000
   529    0.000000   -0.000000
   530   -0.000000    0.000000
   531    0.000000   -0.000000
   532   -0.000000    0.000000
   533    0.000000   -0.000000
   534   -0.000000    0.000000
   535   -0.000000   -0.000000
   536    0.000000    0.000000
   537   -0.000000   -0.000000
   538    0.000000    0.000000
   539   -0.000000   -0.000000
   540    0.000000    0.000000
   541   -0.000000   -0.000000
   542    0.000000    0.000000
   543   -0.000000   -0.000000
   544   -0.000000    0.000000
   545    0.000000   -0.000000
   546   -0.000000    0.000000
   547    0.000000   -0.000000
   548   -0.000000    0.000000
   549    0.000000   -0.000000
   550   -0.000000    0.000000
   551    0.000000   -0.000000
   552   -0.000000    0.000000
   553    0.000000   -0.000000
   554   -0.000000    0.000000
   555    0.000000   -0.000000
   556   -0.000000    0.000000
   557    0.000000   -0.000000
   558   -0.000000    0.000000
   559    0.000000   -0.000000
   560   -0.000000    0.000000
   561    0.000000   -0.000000
   562   -0.000000    0.000000
   563    0.000000   -0.000000
   564   -0.000000    0.000000
   565    0.000000   -0.000000
   566   -0.000000    0.000000
   567    0.000000   -0.000000
   568    0.000000    0.000000
   569   -0.000000   -0.000000
   570    0.000000   -0.000000
   571   -0.000000    0.000000
   572    0.000000   -0.000000
   573   -0.000000    0.000000
   574    0.000000   -0.000000
   575   -0.000000    0.000000
   576    0.000000   -0.000000
   577   -0.000000    0.000000
   578    0.000000   -0.000000
   579   -0.000000    0.000000
   580    0.000000   -0.000000
   581   -0.000000    0.000000
   582    0.000000   -0.000000
   583   -0.000000    0.000000
   584    0.000000   -0.000000
   585    0.000000    0.000000
   586   -0.000000   -0.000000
   587    0.000000   -0.000000
   588   -0.000000    0.000000
   589    0.000000   -0.000000
   590   -0.000000    0.000000
   591   -0.000000   -0.000000
   592    0.000000    0.000000
   593    0.000000    0.000000
   594   -0.000000    0.000000
   595    0.000000   -0.000000
   596   -0.000000    0.000000
   597    0.000000   -0.000000
   598   -0.000000    0.000000
   599    0.000000   -0.000000
   600   -0.000000    0.000000
   601    0.000000   -0.000000
   602   -0.000000    0.000000
   603    0.000000   -0.000000
   604   -0.000000    0.000000
   605   -0.000000   -0.000000
   606    0.000000   -0.000000
   607   -0.000000    0.000000
   608    0.000000   -0.000000
   609   -0.000000    0.000000
   610    0.000000   -0.000000
   611   -0.000000    0.000000
   612   -0.000000   -0.000000
   613    0.000000    0.000000
   614   -0.000000    0.000000
   615    0.000000   -0.000000
   616   -0.000000    0.000000
   617    0.000000   -0.000000
   618   -0.000000    0.000000
   619    0.000000   -0.000000
   620    0.000000    0.000000
   621   -0.000000    0.000000
   622    0.000000   -0.000000
   623   -0.000000    0.000000
   624    0.000000   -0.000000
   625   -0.000000    0.000000
   626    0.000000   -0.000000
   627   -0.000000    0.000000
   628    0.000000   -0.000000
   629   -0.000000    0.000000
   630    0.000000   -0.000000
   631   -0.000000    0.000000
   632    0.000000   -0.000000
   633   -0.000000    0.000000
   634    0.000000   -0.000000
   635   -0.000000    0.000000
   636    0.000000   -0.000000
   637   -0.000000    0.000000
   638    0.000000   -0.000000
   639   -0.000000    0.000000
   640    0.000000   -0.000000
   641   -0.000000    0.000000
   642    0.000000   -0.000000
   643   -0.000000    0.000000
   644    0.000000   -0.000000
   645   -0.000000    0.000000
   646    0.000000   -0.000000
   647   -0.000000    0.000000
   648   -0.000000   -0.000000
   649    0.000000    0.000000
   650   -0.000000    0.000000
   651    0.000000   -0.000000
   652   -0.000000    0.000000
   653    0.000000   -0.000000
   654   -0.000000    0.000000
   655    0.000000   -0.000000
   656   -0.000000    0.000000
   657    0.000000   -0.000000
   658   -0.000000    0.000000
   659    0.000000   -0.000000
   660   -0.000000    0.000000
   661    0.000000   -0.000000
   662   -0.000000    0.000000
   663    0.000000   -0.000000
   664   -0.000000    0.000000
   665    0.000000   -0.000000
   666   -0.000000    0.000000
   667    0.000000   -0.000000
   668   -0.000000    0.000000
   669    0.000000   -0.000000
   670   -0.000000    0.000000
   671   -0.000000   -0.000000
   672    0.000000   -0.000000
   673   -0.000000    0.000000
   674    0.000000   -0.000000
   675   -0.000000    0.000000
   676    0.000000   -0.000000
   677   -0.000000    0.000000
   678    0.000000   -0.000000
   679   -0.000000    0.000000
   680    0.000000   -0.000000
   681   -0.000000    0.000000
   682    0.000000   -0.000000
   683   -0.000000    0.000000
   684    0.000000   -0.000000
   685   -0.000000    0.000000
   686   -0.000000   -0.000000
   687    0.000000    0.000000
   688   -0.000000   -0.000000
   689    0.000000    0.000000
   690    0.000000   -0.000000
   691    0.000000    0.000000
   692   -0.000000   -0.000000
   693    0.000000   -0.000000
   694   -0.000000    0.000000
   695   -0.000000   -0.000000
   696    0.000000   -0.000000
   697    0.000000    0.000000
   698   -0.000000    0.000000
   699    0.000000   -0.000000
   700   -0.000000    0.000000
   701    0.000000   -0.000000
   702   -0.000000    0.000000
   703    0.000000   -0.000000
   704   -0.000000    0.000000
   705    0.000000   -0.000000
   706   -0.000000    0.000000
   707    0.000000   -0.000000
   708   -0.000000    0.000000
   709    0.000000   -0.000000
   710   -0.000000    0.000000
   711    0.000000   -0.000000
   712   -0.000000    0.000000
   713    0.000000   -0.000000
   714   -0.000000    0.000000
   715    0.000000   -0.000000
   716   -0.000000    0.000000
   717    0.000000   -0.000000
   718   -0.000000    0.000000
   719    0.000000   -0.000000
   720   -0.000000    0.000000
   721    0.000000   -0.000000
   722   -0.000000    0.000000
   723    0.000000   -0.000000
   724   -0.000000    0.000000
   725    0.000000   -0.000000
   726   -0.000000    0.000000
   727    0.000000   -0.000000
   728   -0.000000    0.000000
   729    0.000000   -0.000000
   730   -0.000000    0.000000
   731    0.000000   -0.000000
   732   -0.000000    0.000000
   733    0.000000   -0.000000
   734   -0.000000    0.000000
   735   -0.000000   -0.000000
   736    0.000000    0.000000
   737   -0.000000    0.000000
   738    0.000000   -0.000000
   739   -0.000000    0.000000
   740    0.000000   -0.000000
   741   -0.000000    0.000000
   742    0.000000   -0.000000
   743   -0.000000    0.000000
   744    0.000000   -0.000000
   745   -0.000000    0.000000
   746    0.000000   -0.000000
   747   -0.000000    0.000000
   748    0.000000   -0.000000
   749   -0.000000    0.000000
   750    0.000000   -0.000000
   751   -0.000000    0.000000
   752    0.000000   -0.000000
   753   -0.000000    0.000000
   754    0.000000   -0.000000
   755   -0.000000    0.000000
   756   -0.000000   -0.000000
   757    0.000000    0.000000
   758   -0.000000   -0.000000
   759    0.000000    0.000000
   760   -0.000000    0.000000
   761   -0.000000    0.000000
   762    0.000000   -0.000000
   763   -0.000000    0.000000
   764    0.000000   -0.000000
   765   -0.000000    0.000000
   766    0.000000   -0.000000
   767   -0.000000    0.000000
   768    0.000000   -0.000000
   769   -0.000000    0.000000
   770    0.000000   -0.000000
   771   -0.000000    0.000000
   772    0.000000   -0.000000
   773   -0.000000    0.000000
   774    0.000000   -0.000000
   775   -0.000000    0.000000
   776    0.000000   -0.000000
   777   -0.000000    0.000000
   778    0.000000   -0.000000
   779   -0.000000    0.000000
   780    0.000000   -0.000000
   781   -0.000000    0.000000
   782    0.000000   -0.000000
   783   -0.000000    0.000000
   784    0.000000   -0.000000
   785   -0.000000    0.000000
   786   -0.000000   -0.000000
   787    0.000000    0.000000
   788   -0.000000   -0.000000
   789    0.000000   -0.000000
   790   -0.000000    0.000000
   791    0.000000   -0.000000
   792   -0.000000    0.000000
   793    0.000000   -0.000000
   794   -0.000000    0.000000
   795   -0.000000   -0.000000
   796   -0.000000    0.000000
   797   -0.000000   -0.000000
   798   -0.000000   -0.000000
   799   -0.000000   -0.000000
   800   -0.000000   -0.000000
   801   -0.000000   -0.000000
   802   -0.000000   -0.000000
   803   -0.000000   -0.000000
   804   -0.000000   -0.000000
   805   -0.000000   -0.000000
   806   -0.000000   -0.000000
   807    0.000000   -0.000000
   808   -0.000000   -0.000000
   809    0.000000   -0.000000
   810   -0.000000    0.000000
   811   -0.000000   -0.000000
   812    0.000000   -0.000000
   813   -0.000000   -0.000000
   814    0.000000   -0.000000
   815   -0.000000    0.000000
   816    0.000000   -0.000000
   817    0.000000    0.000000
   818    0.000000   -0.000000
   819    0.000000   -0.000000
   820    0.000000   -0.000000
   821    0.000000   -0.000000
   822    0.000000   -0.000000
   823    0.000000   -0.000000
   824    0.000000   -0.000000
   825    0.000000   -0.000000
   826    0.000000   -0.000000
   827    0.000000   -0.000000
   828    0.000000   -0.000000
   829    0.000000   -0.000000
   830    0.000000   -0.000000
   831    0.000000   -0.000000
   832    0.000000   -0.000000
   833    0.000000   -0.000000
   834    0.000000   -0.000000
   835    0.000000   -0.000000
   836    0.000000   -0.000000
   837    0.000000   -0.000000
   838    0.000000   -0.000000
   839    0.000000   -0.000000
   840    0.000000    0.000000
   841    0.000000   -0.000000
   842    0.000000    0.000000
   843    0.000000   -0.000000
   844    0.000000   -0.000000
   845    0.000000   -0.000000
   846    0.000000   -0.000000
   847    0.000000   -0.000000
   848    0.000000   -0.000000
   849    0.000000   -0.000000
   850    0.000000   -0.000000
   851    0.000000   -0.000000
   852    0.000000   -0.000000
   853    0.000000   -0.000000
   854    0.000000   -0.000000
   855    0.000000   -0.000000
   856    0.000000   -0.000000
   857    0.000000   -0.000000
   858    0.000000   -0.000000
   859    0.000000   -0.000000
   860    0.000000   -0.000000
   861    0.000000   -0.000000
   862    0.000000   -0.000000
   863    0.000000   -0.000000
   864    0.000000   -0.000000
   865    0.000000   -0.000000
   866    0.000000   -0.000000
   867    0.000000   -0.000000
   868    0.000000   -0.000000
   869    0.000000   -0.000000
   870    0.000000    0.000000
   871    0.000000   -0.000000
   872    0.000000    0.000000
   873    0.000000    0.000000
   874    0.000000    0.000000
   875    0.000000    0.000000
   876    0.000000    0.000000
   877    0.000000    0.000000
   878    0.000000    0.000000
   879    0.000000    0.000000
   880    0.000000    0.000000
   881    0.000000    0.000000
   882    0.000000    0.000000
   883    0.000000    0.000000
   884    0.000000    0.000000
   885    0.000000    0.000000
   886    0.000000    0.000000
   887    0.000000    0.000000
   888    0.000000    0.000000
   889    0.000000    0.000000
   890    0.000000    0.000000
   891    0.000000    0.000000
   892    0.000000    0.000000
   893    0.000000    0.000000
   894    0.000000    0.000000
   895    0.000000    0.000000
   896    0.000000    0.000000
   897    0.000000    0.000000
   898    0.000000    0.000000
   899    0.000000    0.000000
   900    0.000000    0.000000
   901    0.000000    0.000000
   902    0.000000    0.000000
   903    0.000000    0.000000
   904    0.000000    0.000000
   905    0.000000    0.000000
   906    0.000000    0.000000
   907    0.000000    0.000000
   908    0.000000    0.000000
   909    0.000000    0.000000
   910    0.000000    0.000000
   911    0.000000    0.000000
   912    0.000000    0.000000
   913    0.000000    0.000000
   914    0.000000    0.000000
   915    0.000000    0.000000
   916    0.000000    0.000000
   917    0.000000    0.000000
   918    0.000000    0.000000
   919    0.000000    0.000000
   920    0.000000    0.000000
   921    0.000000    0.000000
   922    0.000000    0.000000
   923    0.000000    0.000000
   924    0.000000    0.000000
   925    0.000000    0.000000
   926    0.000000    0.000000
   927    0.000000    0.000000
   928    0.000000    0.000000
   929    0.000000    0.000000
   930    0.000000    0.000000
   931    0.000000    0.000000
   932    0.000000    0.000000
   933    0.000000    0.000000
   934    0.000000    0.000000
   935    0.000000    0.000000
   936    0.000000    0.000000
   937    0.000000    0.000000
   938    0.000000    0.000000
   939    0.000000    0.000000
   940    0.000000    0.000000
   941    0.000000    0.000000
   942    0.000000    0.000000
   943    0.000000    0.000000
   944    0.000000    0.000000
   945    0.000000    0.000000
   946    0.000000    0.000000
   947    0.000000    0.000000
   948    0.000000    0.000000
   949   -0.000000    0.000000
   950   -0.000000    0.000000
   951   -0.000000    0.000000
   952   -0.000000    0.000000
   953   -0.000000    0.000000
   954   -0.000000    0.000000
   955   -0.000000    0.000000
   956   -0.000000    0.000000
   957   -0.000000    0.000000
   958   -0.000000    0.000000
   959   -0.000000    0.000000
   960   -0.000000    0.000000
   961   -0.000000    0.000000
   962   -0.000000    0.000000
   963   -0.000000    0.000000
   964   -0.000000    0.000000
   965   -0.000000    0.000000
   966   -0.000000    0.000000
   967   -0.000000    0.000000
   968   -0.000000    0.000000
   969   -0.000000    0.000000
   970   -0.000000    0.000000
   971   -0.000000    0.000000
   972   -0.000000    0.000000
   973   -0.000000    0.000000
   974   -0.000000    0.000000
   975   -0.000000    0.000000
   976   -0.000000    0.000000
   977   -0.000000    0.000000
   978   -0.000000    0.000000
   979   -0.000000    0.000000
   980   -0.000000    0.000000
   981   -0.000000    0.000000
   982   -0.000000    0.000000
   983   -0.000000    0.000000
   984   -0.000000    0.000000
   985   -0.000000    0.000000
   986   -0.000000    0.000000
   987   -0.000000    0.000000
   988   -0.000000    0.000000
   989   -0.000000    0.000000
   990   -0.000000    0.000000
   991   -0.000000    0.000000
   992   -0.000000    0.000000
   993   -0.000000    0.000000
   994   -0.000000    0.000000
   995   -0.000000    0.000000
   996   -0.000000    0.000000
   997    0.000000   -0.000000
   998   -0.000000    0.000000
   999    0.000000   -0.000000
  1000    0.000000    0.000000
