     1    0.000000    0.000000
     2   -0.000032    0.000013
     3    0.000056   -0.000024
     4   -0.000069    0.000031
     5    0.000069   -0.000034
     6   -0.000059    0.000032
     7    0.000045   -0.000027
     8   -0.000030    0.000021
     9    0.000018   -0.000014
    10   -0.000009    0.000009
    11    0.000004   -0.000005
    12   -0.000002    0.000002
    13    0.000001   -0.000001
    14   -0.000000    0.000000
    15    0.000000   -0.000000
    16   -0.000000    0.000000
    17    0.000000   -0.000000
    18    0.000000    0.000000
    19   -0.000000   -0.000000
    20    0.000000    0.000000
    21   -0.000000   -0.000000
    22    0.000000   -0.000000
    23   -0.000000    0.000000
    24    0.000000   -0.000000
    25   -0.000000    0.000000
    26    0.000000   -0.000000
    27   -0.000000    0.000000
    28    0.000000    0.000000
    29    0.000000   -0.000000
    30   -0.000000    0.000000
    31    0.000000   -0.000000
    32   -0.000000    0.000000
    33    0.000000   -0.000000
    34   -0.000000   -0.000000
    35   -0.000000    0.000000
    36    0.000000   -0.000000
    37   -0.000000    0.000000
    38    0.000000   -0.000000
    39   -0.000000    0.000000
    40    0.000000   -0.000000
    41   -0.000000    0.000000
    42    0.000000   -0.000000
    43   -0.000000    0.000000
    44    0.000000   -0.000000
    45    0.000000   -0.000000
    46   -0.000000    0.000000
    47    0.000000   -0.000000
    48   -0.000000    0.000000
    49    0.000000   -0.000000
    50   -0.000001    0.000000
    51    0.000001   -0.000000
    52   -0.000001    0.000000
    53    0.000001   -0.000000
    54   -0.000000   -0.000000
    55   -0.000001    0.000001
    56    0.000003   -0.000002
    57   -0.000005    0.000002
    58    0.000007   -0.000001
    59   -0.000005   -0.000003
    60   -0.000003    0.000014
    61    0.000025   -0.000033
    62   -0.000066    0.000064
    63    0.000135   -0.000111
    64   -0.000235    0.000175
    65    0.000371   -0.000256
    66   -0.000539    0.000355
    67    0.000736   -0.000468
    68   -0.000953    0.000590
    69    0.001177   -0.000711
    70   -0.001390    0.000816
    71    0.001562   -0.000887
    72   -0.001658    0.000894
    73    0.001623   -0.000791
    74   -0.001378    0.000485
    75    0.000765    0.000218
    76    0.000557   -0.001691
    77   -0.003306    0.004604
    78    0.008846   -0.010027
    79   -0.019461    0.019500
    80    0.038528   -0.035007
    81   -0.070420    0.058827
    82    0.120051   -0.093235
    83   -0.192020    0.140085
    84    0.289489   -0.200354
    85   -0.413079    0.273749
    86    0.560111   -0.358414
    87   -0.724400    0.450685
    88    0.896369   -0.544830
    89   -1.063019    0.633056
    90    1.207719   -0.706816
    91   -1.311601    0.761172
    92    1.360872   -0.803822
    93   -1.365542    0.868763
    94    1.392119   -1.031830
    95   -1.604860    1.422818
    96    2.300255   -2.227941
    97   -3.913396    3.676868
    98    6.977088   -6.009292
    99  -12.023770    9.416854
   100   19.431261  -13.959919
   101  -29.223671   19.468573
   102   40.853368  -25.452956
   103  -53.015781   31.062517
   104   63.583039  -35.137650
   105  -69.765031   36.384891
   106   68.589139  -33.677749
   107  -57.712246   26.437561
   108   36.437343  -14.979170
   109   -6.615844    0.625034
   110  -27.085761   14.655008
   111   58.194422  -29.248966
   112  -81.206990   43.452869
   113   95.991164  -60.996429
   114 -112.440460   89.462396
   115  152.480995 -138.290530
   116 -245.553420  213.505754
   117  414.543333 -309.625301
   118 -652.752514  401.078469
   119  898.440111 -437.072227
   120-1019.245498  344.179248
   121  820.688528  -39.529195
   122  -88.092364 -545.392011
   123-1340.058249 1434.124316
   124 3483.579384-2575.936080
   125-6145.629879 3830.259086
   126 8887.142586-4979.241736
   127************ 5778.453566
   12812092.331696-6042.083381
   129************ 5738.533361
   130 9344.109665-5054.899333
   131-6397.109018 4386.248637
   132 3985.196607-4222.524804
   133-3667.464432 4935.195981
   134 6548.885350-6494.448989
   135************ 8169.199310
   13619228.686814-8282.180503
   137************ 4120.090344
   13814590.329311 7871.902053
   13912245.034466************
   140************69684.793816
   141************************
   142************************
   143************************
   144************************
   145************************
   146************************
   147************************
   148************************
   149************************
   150************************
   151************************
   152************************
   153************************
   154************************
   155************************
   156************************
   157************************
   158************************
   159************************
   160************65296.396922
   161************************
   162************************
   163************************
   164************************
   165************************
   166************************
   167************************
   168************************
   169************************
   170************************
   171************************
   172************************
   173************************
   174************************
   175************************
   176************************
   177************************
   178************************
   179************************
   180************************
   181************************
   182************************
   183************************
   184************************
   185************************
   186************************
   187************************
   188************************
   189************************
   190************************
   191************************
   192************************
   193************************
   194************************
   195************************
   196************************
   197************************
   198************************
   199************************
   200************************
   201************************
   202************************
   203************************
   204************************
   205************************
   206************************
   207************************
   208************************
   209************************
   210************************
   211************************
   212************************
   213************************
   214************************
   215************************
   216************************
   217************************
   218************************
   219************************
   220************************
   221************************
   222************************
   223************************
   224************************
   225************************
   226************************
   227************************
   228************************
   229************************
   230************************
   231************************
   232************************
   233************************
   234************************
   235************************
   236************************
   237************************
   238************************
   239************************
   240************************
   241************************
   242************************
   243************************
   244************************
   245************************
   246************************
   247************************
   248************************
   249************************
   250************************
   251************************
   252************************
   253************************
   254************************
   255************************
   256************************
   257************************
   258************************
   259************************
   260************************
   261************************
   262************************
   263************************
   264************************
   265************************
   266************************
   267************************
   268************************
   269************************
   270************************
   271************************
   272************************
   273************************
   274************************
   275************************
   276************************
   277************************
   278************************
   279************************
   280************************
   281************************
   282************************
   283************************
   284************************
   285************************
   286************************
   287************************
   288************************
   289************************
   290************************
   291************************
   292************************
   293************************
   294************************
   295************************
   296************************
   297************************
   298************************
   299************************
   300************************
   301************************
   302************************
   303************************
   304************************
   305************************
   306************************
   307************************
   308************************
   309************************
   310************************
   311************************
   312************************
   313************************
   314************************
   315************************
   316************************
   317************************
   318************************
   319************************
   320************************
   321************************
   322************************
   323************************
   324************************
   325************************
   326************************
   327************************
   328************************
   329************************
   330************************
   331************************
   332************************
   333************************
   334************************
   335************************
   336************************
   337************************
   338************************
   339************************
   340************35830.085353
   341************************
   342************************
   343************************
   344************************
   345************************
   346************************
   347************************
   348************************
   349************************
   350************************
   351************************
   352************************
   353************************
   354************************
   355************************
   356************************
   357************************
   358************************
   359************************
   360************69405.114952
   36113574.871917************
   36212356.919334 8859.572844
   363************ 2815.757073
   36416587.412486-6871.580288
   365************ 6816.477488
   366 4579.055602-5304.315552
   367-2129.669546 3955.588034
   368 2840.697146-3457.472869
   369-5574.591867 3812.521119
   370 8765.134516-4637.144794
   371************ 5440.072653
   37211805.325963-5830.935692
   373************ 5629.643289
   374 8738.451486-4874.787847
   375-6041.098350 3757.968493
   376 3415.185350-2527.741520
   377-1301.507416 1404.460994
   378 -103.210321 -529.949612
   379  819.190129  -44.516887
   380-1007.746266  342.145218
   381  882.551121 -431.015923
   382 -636.539420  393.380113
   383  400.402389 -301.935727
   384 -234.442826  206.769347
   385  144.352208 -132.878150
   386 -106.709220   85.356838
   387   91.928842  -57.975457
   388  -78.190336   41.233849
   389   55.808150  -27.580085
   390  -25.113934   13.354924
   391   -8.255601    1.666071
   392   37.767909  -15.819011
   393  -58.749686   27.106482
   394   69.365743  -34.197082
   395  -70.329237   36.776463
   396   63.988366  -35.425557
   397  -53.309275   31.270829
   398   41.069266  -25.602678
   399  -29.383116   19.575815
   400   19.545942  -14.035776
   401  -12.100599    9.468547
   402    7.021768   -6.041743
   403   -3.932140    3.694013
   404    2.299936   -2.233436
   405   -1.592341    1.420192
   406    1.373446   -1.024309
   407   -1.345382    0.859023
   408    1.342310   -0.793836
   409   -1.296256    0.752189
   410    1.196061   -0.699459
   411   -1.054774    0.627478
   412    0.890900   -0.540882
   413   -0.720994    0.448071
   414    0.558145   -0.356803
   415   -0.412076    0.272843
   416    0.289111   -0.199916
   417   -0.192029    0.139942
   418    0.120278   -0.093266
   419   -0.070742    0.058950
   420    0.038861   -0.035166
   421   -0.019755    0.019660
   422    0.009077   -0.010167
   423   -0.003474    0.004715
   424    0.000670   -0.001772
   425    0.000692    0.000273
   426   -0.001334    0.000449
   427    0.001597   -0.000769
   428   -0.001643    0.000881
   429    0.001555   -0.000880
   430   -0.001387    0.000812
   431    0.001177   -0.000709
   432   -0.000953    0.000590
   433    0.000737   -0.000469
   434   -0.000540    0.000356
   435    0.000371   -0.000257
   436   -0.000236    0.000175
   437    0.000135   -0.000111
   438   -0.000066    0.000064
   439    0.000025   -0.000033
   440   -0.000003    0.000014
   441   -0.000005   -0.000003
   442    0.000007   -0.000001
   443   -0.000005    0.000002
   444    0.000003   -0.000002
   445   -0.000001    0.000001
   446   -0.000000   -0.000000
   447    0.000001   -0.000000
   448   -0.000001    0.000000
   449    0.000001   -0.000000
   450   -0.000001    0.000000
   451    0.000000   -0.000000
   452   -0.000000    0.000000
   453    0.000000   -0.000000
   454   -0.000000    0.000000
   455    0.000000   -0.000000
   456    0.000000   -0.000000
   457   -0.000000    0.000000
   458    0.000000   -0.000000
   459   -0.000000    0.000000
   460    0.000000   -0.000000
   461    0.000000    0.000000
   462   -0.000000   -0.000000
   463    0.000000    0.000001
   464    0.000000   -0.000006
   465   -0.000003    0.000023
   466    0.000021   -0.000079
   467   -0.000096    0.000244
   468    0.000349   -0.000666
   469   -0.001068    0.001631
   470    0.002841   -0.003598
   471   -0.006682    0.007199
   472    0.014045   -0.013126
   473   -0.026597    0.021923
   474    0.045648   -0.033699
   475   -0.071336    0.047897
   476    0.101870   -0.063229
   477   -0.133319    0.077850
   478    0.160275   -0.089737
   479   -0.177361    0.097156
   480    0.181038   -0.099066
   481   -0.169096    0.094363
   482    0.144685   -0.084000
   483   -0.113381    0.069788
   484    0.081272   -0.053975
   485   -0.053171    0.038729
   486    0.031651   -0.025680
   487   -0.017070    0.015666
   488    0.008293   -0.008753
   489   -0.003602    0.004457
   490    0.001384   -0.002057
   491   -0.000463    0.000856
   492    0.000131   -0.000319
   493   -0.000030    0.000106
   494    0.000005   -0.000031
   495   -0.000000    0.000008
   496   -0.000000   -0.000002
   497    0.000000    0.000000
   498   -0.000000   -0.000000
   499    0.000000    0.000000
   500   -0.000000   -0.000000
   501    0.000000    0.000000
   502   -0.000000   -0.000000
   503    0.000000    0.000000
   504   -0.000000   -0.000000
   505    0.000000    0.000000
   506    0.000000   -0.000000
   507   -0.000000    0.000000
   508    0.000000   -0.000000
   509   -0.000000    0.000000
   510    0.000000   -0.000000
   511   -0.000000    0.000000
   512    0.000000   -0.000000
   513   -0.000000    0.000000
   514    0.000000   -0.000000
   515   -0.000000    0.000000
   516    0.000000   -0.000000
   517   -0.000000    0.000000
   518    0.000000   -0.000000
   519   -0.000000    0.000000
   520    0.000000   -0.000000
   521   -0.000000    0.000000
   522    0.000000   -0.000000
   523   -0.000000    0.000000
   524    0.000000   -0.000000
   525   -0.000000    0.000000
   526    0.000000   -0.000000
   527   -0.000000    0.000000
   528    0.000000   -0.000000
   529   -0.000000    0.000000
   530    0.000000   -0.000000
   531   -0.000000    0.000000
   532    0.000000   -0.000000
   533   -0.000000    0.000000
   534    0.000000   -0.000000
   535   -0.000000    0.000000
   536    0.000000   -0.000000
   537    0.000000    0.000000
   538   -0.000000   -0.000000
   539    0.000000    0.000000
   540   -0.000000   -0.000000
   541    0.000000    0.000000
   542   -0.000000   -0.000000
   543    0.000000    0.000000
   544   -0.000000   -0.000000
   545    0.000000    0.000000
   546    0.000000   -0.000000
   547   -0.000000    0.000000
   548    0.000000   -0.000000
   549   -0.000000    0.000000
   550    0.000000   -0.000000
   551   -0.000000    0.000000
   552    0.000000   -0.000000
   553   -0.000000    0.000000
   554    0.000000   -0.000000
   555   -0.000000    0.000000
   556    0.000000   -0.000000
   557   -0.000000    0.000000
   558    0.000000   -0.000000
   559   -0.000000    0.000000
   560    0.000000   -0.000000
   561   -0.000000    0.000000
   562    0.000000   -0.000000
   563   -0.000000    0.000000
   564    0.000000   -0.000000
   565   -0.000000    0.000000
   566    0.000000   -0.000000
   567   -0.000000    0.000000
   568    0.000000   -0.000000
   569    0.000000    0.000000
   570   -0.000000   -0.000000
   571    0.000000   -0.000000
   572   -0.000000    0.000000
   573    0.000000   -0.000000
   574   -0.000000    0.000000
   575    0.000000   -0.000000
   576   -0.000000    0.000000
   577    0.000000   -0.000000
   578   -0.000000    0.000000
   579    0.000000   -0.000000
   580   -0.000000    0.000000
   581    0.000000   -0.000000
   582   -0.000000    0.000000
   583    0.000000   -0.000000
   584   -0.000000    0.000000
   585    0.000000   -0.000000
   586   -0.000000    0.000000
   587   -0.000000   -0.000000
   588    0.000000   -0.000000
   589   -0.000000    0.000000
   590    0.000000   -0.000000
   591   -0.000000    0.000000
   592   -0.000000   -0.000000
   593    0.000000    0.000000
   594    0.000000   -0.000000
   595   -0.000000    0.000000
   596    0.000000   -0.000000
   597   -0.000000    0.000000
   598    0.000000   -0.000000
   599   -0.000000    0.000000
   600    0.000000   -0.000000
   601   -0.000000    0.000000
   602    0.000000   -0.000000
   603   -0.000000    0.000000
   604    0.000000   -0.000000
   605   -0.000000    0.000000
   606   -0.000000   -0.000000
   607    0.000000   -0.000000
   608   -0.000000    0.000000
   609    0.000000   -0.000000
   610   -0.000000    0.000000
   611    0.000000   -0.000000
   612   -0.000000    0.000000
   613   -0.000000   -0.000000
   614    0.000000   -0.000000
   615   -0.000000    0.000000
   616    0.000000   -0.000000
   617   -0.000000    0.000000
   618    0.000000   -0.000000
   619   -0.000000    0.000000
   620    0.000000   -0.000000
   621    0.000000    0.000000
   622   -0.000000    0.000000
   623    0.000000   -0.000000
   624   -0.000000    0.000000
   625    0.000000   -0.000000
   626   -0.000000    0.000000
   627    0.000000   -0.000000
   628   -0.000000    0.000000
   629    0.000000   -0.000000
   630   -0.000000    0.000000
   631    0.000000   -0.000000
   632   -0.000000    0.000000
   633    0.000000   -0.000000
   634   -0.000000    0.000000
   635    0.000000   -0.000000
   636   -0.000000    0.000000
   637    0.000000   -0.000000
   638   -0.000000    0.000000
   639    0.000000   -0.000000
   640   -0.000000    0.000000
   641    0.000000   -0.000000
   642   -0.000000    0.000000
   643    0.000000   -0.000000
   644   -0.000000    0.000000
   645    0.000000   -0.000000
   646   -0.000000    0.000000
   647    0.000000   -0.000000
   648   -0.000000    0.000000
   649    0.000000   -0.000000
   650    0.000000    0.000000
   651   -0.000000    0.000000
   652    0.000000   -0.000000
   653   -0.000000    0.000000
   654    0.000000   -0.000000
   655   -0.000000    0.000000
   656    0.000000   -0.000000
   657   -0.000000    0.000000
   658    0.000000   -0.000000
   659   -0.000000    0.000000
   660    0.000000   -0.000000
   661   -0.000000    0.000000
   662    0.000000   -0.000000
   663   -0.000000    0.000000
   664    0.000000   -0.000000
   665   -0.000000    0.000000
   666    0.000000   -0.000000
   667   -0.000000    0.000000
   668    0.000000   -0.000000
   669   -0.000000    0.000000
   670    0.000000   -0.000000
   671   -0.000000    0.000000
   672   -0.000000   -0.000000
   673    0.000000   -0.000000
   674   -0.000000    0.000000
   675    0.000000   -0.000000
   676   -0.000000    0.000000
   677    0.000000   -0.000000
   678   -0.000000    0.000000
   679    0.000000   -0.000000
   680   -0.000000    0.000000
   681    0.000000   -0.000000
   682   -0.000000    0.000000
   683    0.000000   -0.000000
   684   -0.000000    0.000000
   685    0.000000   -0.000000
   686   -0.000000    0.000000
   687    0.000000   -0.000000
   688    0.000000    0.000000
   689   -0.000000   -0.000000
   690    0.000000    0.000000
   691    0.000000   -0.000000
   692    0.000000    0.000000
   693   -0.000000   -0.000000
   694    0.000000   -0.000000
   695   -0.000000    0.000000
   696   -0.000000   -0.000000
   697    0.000000   -0.000000
   698    0.000000    0.000000
   699   -0.000000    0.000000
   700    0.000000   -0.000000
   701   -0.000000    0.000000
   702    0.000000   -0.000000
   703   -0.000000    0.000000
   704    0.000000   -0.000000
   705   -0.000000    0.000000
   706    0.000000   -0.000000
   707   -0.000000    0.000000
   708    0.000000   -0.000000
   709   -0.000000    0.000000
   710    0.000000   -0.000000
   711   -0.000000    0.000000
   712    0.000000   -0.000000
   713   -0.000000    0.000000
   714    0.000000   -0.000000
   715   -0.000000    0.000000
   716    0.000000   -0.000000
   717   -0.000000    0.000000
   718    0.000000   -0.000000
   719   -0.000000    0.000000
   720    0.000000   -0.000000
   721   -0.000000    0.000000
   722    0.000000   -0.000000
   723   -0.000000    0.000000
   724    0.000000   -0.000000
   725   -0.000000    0.000000
   726    0.000000   -0.000000
   727   -0.000000    0.000000
   728    0.000000   -0.000000
   729   -0.000000    0.000000
   730    0.000000   -0.000000
   731   -0.000000    0.000000
   732    0.000000   -0.000000
   733   -0.000000    0.000000
   734    0.000000   -0.000000
   735   -0.000000    0.000000
   736   -0.000000   -0.000000
   737    0.000000    0.000000
   738   -0.000000    0.000000
   739    0.000000   -0.000000
   740   -0.000000    0.000000
   741    0.000000   -0.000000
   742   -0.000000    0.000000
   743    0.000000   -0.000000
   744   -0.000000    0.000000
   745    0.000000   -0.000000
   746   -0.000000    0.000000
   747    0.000000   -0.000000
   748   -0.000000    0.000000
   749    0.000000   -0.000000
   750   -0.000000    0.000000
   751    0.000000   -0.000000
   752   -0.000000    0.000000
   753    0.000000   -0.000000
   754   -0.000000    0.000000
   755    0.000000   -0.000000
   756   -0.000000    0.000000
   757    0.000000   -0.000000
   758    0.000000    0.000000
   759   -0.000000   -0.000000
   760    0.000000    0.000000
   761   -0.000000   -0.000000
   762   -0.000000    0.000000
   763    0.000000   -0.000000
   764   -0.000000    0.000000
   765    0.000000   -0.000000
   766   -0.000000    0.000000
   767    0.000000   -0.000000
   768   -0.000000    0.000000
   769    0.000000   -0.000000
   770   -0.000000    0.000000
   771    0.000000   -0.000000
   772   -0.000000    0.000000
   773    0.000000   -0.000000
   774   -0.000000    0.000000
   775    0.000000   -0.000000
   776   -0.000000    0.000000
   777    0.000000   -0.000000
   778   -0.000000    0.000000
   779    0.000000   -0.000000
   780   -0.000000    0.000000
   781    0.000000   -0.000000
   782   -0.000000    0.000000
   783    0.000000   -0.000000
   784   -0.000000    0.000000
   785    0.000000   -0.000000
   786   -0.000000    0.000000
   787   -0.000000   -0.000000
   788    0.000000    0.000000
   789   -0.000000   -0.000000
   790    0.000000   -0.000000
   791   -0.000000    0.000000
   792    0.000000   -0.000000
   793   -0.000000    0.000000
   794    0.000000   -0.000000
   795   -0.000000    0.000000
   796    0.000000   -0.000000
   797    0.000000    0.000000
   798   -0.000000   -0.000000
   799    0.000000    0.000000
   800   -0.000000   -0.000000
   801    0.000000    0.000000
   802    0.000000    0.000000
   803   -0.000000    0.000000
   804    0.000000   -0.000000
   805   -0.000000    0.000000
   806    0.000000   -0.000000
   807   -0.000000    0.000000
   808    0.000000   -0.000000
   809   -0.000000    0.000000
   810    0.000000   -0.000000
   811   -0.000000    0.000000
   812   -0.000000   -0.000000
   813    0.000000    0.000000
   814   -0.000000    0.000000
   815    0.000000   -0.000000
   816   -0.000000    0.000000
   817    0.000000   -0.000000
   818   -0.000000    0.000000
   819    0.000000   -0.000000
   820    0.000000    0.000000
   821   -0.000000   -0.000000
   822    0.000000    0.000000
   823   -0.000000    0.000000
   824    0.000000   -0.000000
   825   -0.000000    0.000000
   826    0.000000   -0.000000
   827   -0.000000    0.000000
   828    0.000000   -0.000000
   829   -0.000000    0.000000
   830    0.000000   -0.000000
   831   -0.000000    0.000000
   832    0.000000   -0.000000
   833   -0.000000    0.000000
   834    0.000000   -0.000000
   835   -0.000000    0.000000
   836    0.000000   -0.000000
   837   -0.000000    0.000000
   838    0.000000   -0.000000
   839   -0.000000    0.000000
   840    0.000000   -0.000000
   841   -0.000000    0.000000
   842    0.000000   -0.000000
   843   -0.000000    0.000000
   844    0.000000   -0.000000
   845   -0.000000    0.000000
   846    0.000000   -0.000000
   847   -0.000000    0.000000
   848   -0.000000   -0.000000
   849   -0.000000    0.000000
   850   -0.000000   -0.000000
   851   -0.000000    0.000000
   852   -0.000000    0.000000
   853   -0.000000    0.000000
   854    0.000000   -0.000000
   855   -0.000000    0.000000
   856    0.000000   -0.000000
   857   -0.000000    0.000000
   858    0.000000   -0.000000
   859   -0.000000    0.000000
   860   -0.000000   -0.000000
   861   -0.000000    0.000000
   862   -0.000000    0.000000
   863    0.000000    0.000000
   864   -0.000000    0.000000
   865   -0.000000   -0.000000
   866   -0.000000    0.000000
   867   -0.000000   -0.000000
   868   -0.000000    0.000000
   869   -0.000000    0.000000
   870   -0.000000    0.000000
   871   -0.000000    0.000000
   872   -0.000000    0.000000
   873   -0.000000    0.000000
   874   -0.000000   -0.000000
   875   -0.000000    0.000000
   876   -0.000000   -0.000000
   877   -0.000000    0.000000
   878   -0.000000    0.000000
   879   -0.000000    0.000000
   880   -0.000000    0.000000
   881   -0.000000    0.000000
   882   -0.000000    0.000000
   883   -0.000000   -0.000000
   884   -0.000000    0.000000
   885   -0.000000   -0.000000
   886   -0.000000    0.000000
   887   -0.000000   -0.000000
   888   -0.000000    0.000000
   889   -0.000000   -0.000000
   890   -0.000000    0.000000
   891   -0.000000   -0.000000
   892   -0.000000    0.000000
   893   -0.000000   -0.000000
   894   -0.000000    0.000000
   895   -0.000000   -0.000000
   896   -0.000000    0.000000
   897   -0.000000   -0.000000
   898   -0.000000   -0.000000
   899   -0.000000   -0.000000
   900   -0.000000   -0.000000
   901   -0.000000   -0.000000
   902   -0.000000   -0.000000
   903   -0.000000   -0.000000
   904   -0.000000   -0.000000
   905   -0.000000   -0.000000
   906   -0.000000   -0.000000
   907   -0.000000   -0.000000
   908   -0.000000   -0.000000
   909   -0.000000   -0.000000
   910   -0.000000   -0.000000
   911   -0.000000   -0.000000
   912   -0.000000   -0.000000
   913   -0.000000   -0.000000
   914   -0.000000   -0.000000
   915   -0.000000   -0.000000
   916   -0.000000   -0.000000
   917   -0.000000   -0.000000
   918   -0.000000   -0.000000
   919   -0.000000   -0.000000
   920   -0.000000   -0.000000
   921   -0.000000   -0.000000
   922   -0.000000   -0.000000
   923   -0.000000   -0.000000
   924   -0.000000   -0.000000
   925   -0.000000   -0.000000
   926   -0.000000   -0.000000
   927   -0.000000   -0.000000
   928   -0.000000   -0.000000
   929   -0.000000   -0.000000
   930   -0.000000   -0.000000
   931   -0.000000   -0.000000
   932   -0.000000   -0.000000
   933   -0.000000   -0.000000
   934   -0.000000   -0.000000
   935   -0.000000   -0.000000
   936   -0.000000   -0.000000
   937   -0.000000   -0.000000
   938   -0.000000   -0.000000
   939   -0.000000   -0.000000
   940   -0.000000   -0.000000
   941   -0.000000   -0.000000
   942   -0.000000   -0.000000
   943   -0.000000   -0.000000
   944   -0.000000   -0.000000
   945   -0.000000   -0.000000
   946   -0.000000   -0.000000
   947   -0.000000   -0.000000
   948   -0.000000   -0.000000
   949   -0.000000   -0.000000
   950   -0.000000   -0.000000
   951   -0.000000   -0.000000
   952   -0.000000   -0.000000
   953   -0.000000   -0.000000
   954   -0.000000   -0.000000
   955   -0.000000   -0.000000
   956   -0.000000   -0.000000
   957   -0.000000   -0.000000
   958   -0.000000   -0.000000
   959   -0.000000   -0.000000
   960   -0.000000   -0.000000
   961   -0.000000   -0.000000
   962   -0.000000   -0.000000
   963   -0.000000   -0.000000
   964   -0.000000   -0.000000
   965   -0.000000   -0.000000
   966   -0.000000   -0.000000
   967   -0.000000   -0.000000
   968   -0.000000   -0.000000
   969   -0.000000   -0.000000
   970   -0.000000   -0.000000
   971   -0.000000   -0.000000
   972   -0.000000   -0.000000
   973   -0.000000   -0.000000
   974   -0.000000   -0.000000
   975   -0.000000   -0.000000
   976    0.000000   -0.000000
   977    0.000000   -0.000000
   978    0.000000   -0.000000
   979    0.000000   -0.000000
   980    0.000000   -0.000000
   981    0.000000   -0.000000
   982    0.000000   -0.000000
   983    0.000000   -0.000000
   984    0.000000   -0.000000
   985    0.000000   -0.000000
   986    0.000000   -0.000000
   987    0.000000   -0.000000
   988    0.000000   -0.000000
   989    0.000000   -0.000000
   990    0.000000   -0.000000
   991    0.000000   -0.000000
   992    0.000000   -0.000000
   993    0.000000   -0.000000
   994    0.000000   -0.000000
   995    0.000000   -0.000000
   996    0.000000   -0.000000
   997   -0.000000    0.000000
   998    0.000000   -0.000000
   999   -0.000000    0.000000
  1000    0.000000    0.000000
