     1    0.000000    0.000000
     2   -0.000000    0.000000
     3    0.000000   -0.000000
     4   -0.000000    0.000000
     5    0.000000   -0.000000
     6   -0.000000    0.000000
     7    0.000000   -0.000000
     8   -0.000000    0.000000
     9   -0.000000   -0.000000
    10    0.000000    0.000000
    11   -0.000000   -0.000000
    12    0.000000    0.000000
    13   -0.000000   -0.000000
    14    0.000000    0.000000
    15   -0.000000   -0.000000
    16    0.000000    0.000000
    17   -0.000000   -0.000000
    18    0.000000    0.000000
    19    0.000000   -0.000000
    20   -0.000000    0.000000
    21    0.000000    0.000000
    22    0.000000   -0.000000
    23   -0.000000    0.000000
    24    0.000000   -0.000000
    25   -0.000000    0.000000
    26    0.000000   -0.000000
    27   -0.000000    0.000000
    28    0.000000   -0.000000
    29   -0.000000    0.000000
    30    0.000000   -0.000000
    31   -0.000000   -0.000000
    32    0.000000    0.000000
    33    0.000000   -0.000000
    34   -0.000000    0.000000
    35    0.000000   -0.000000
    36   -0.000000    0.000000
    37    0.000000    0.000000
    38   -0.000000   -0.000000
    39   -0.000000    0.000000
    40    0.000000   -0.000000
    41   -0.000000    0.000000
    42    0.000000   -0.000000
    43   -0.000000    0.000000
    44    0.000000   -0.000000
    45   -0.000000    0.000000
    46    0.000000    0.000000
    47    0.000000   -0.000000
    48   -0.000000    0.000000
    49    0.000000   -0.000000
    50   -0.000000    0.000000
    51    0.000000   -0.000000
    52   -0.000000    0.000000
    53    0.000000   -0.000000
    54   -0.000000    0.000000
    55    0.000000   -0.000000
    56   -0.000000   -0.000000
    57    0.000000    0.000000
    58    0.000000   -0.000000
    59   -0.000000    0.000000
    60    0.000000   -0.000000
    61   -0.000000    0.000000
    62    0.000000    0.000000
    63    0.000000   -0.000000
    64   -0.000000    0.000000
    65    0.000000   -0.000000
    66   -0.000000    0.000000
    67    0.000000   -0.000000
    68   -0.000000    0.000000
    69    0.000000   -0.000000
    70   -0.000000    0.000000
    71    0.000000   -0.000000
    72   -0.000000    0.000000
    73    0.000000   -0.000000
    74   -0.000000    0.000000
    75    0.000000   -0.000000
    76   -0.000000    0.000000
    77    0.000000    0.000000
    78   -0.000000   -0.000000
    79    0.000000    0.000000
    80   -0.000000   -0.000000
    81   -0.000000    0.000000
    82    0.000000   -0.000000
    83   -0.000000    0.000000
    84    0.000000   -0.000000
    85   -0.000000    0.000000
    86    0.000000   -0.000000
    87   -0.000000    0.000000
    88    0.000000   -0.000000
    89   -0.000000    0.000000
    90    0.000000   -0.000000
    91   -0.000000    0.000000
    92    0.000000   -0.000000
    93   -0.000000    0.000000
    94    0.000000   -0.000000
    95   -0.000000    0.000000
    96   -0.000000   -0.000000
    97    0.000000    0.000000
    98   -0.000000   -0.000000
    99   -0.000000    0.000000
   100    0.000000   -0.000000
   101   -0.000000    0.000000
   102    0.000000   -0.000000
   103   -0.000000    0.000001
   104    0.000000   -0.000001
   105   -0.000000    0.000001
   106    0.000000   -0.000001
   107   -0.000000    0.000001
   108    0.000000   -0.000001
   109   -0.000000    0.000000
   110   -0.000000    0.000000
   111    0.000000   -0.000001
   112   -0.000000    0.000001
   113    0.000000   -0.000001
   114   -0.000000    0.000001
   115    0.000000   -0.000001
   116    0.000000    0.000001
   117   -0.000000   -0.000002
   118   -0.000000    0.000006
   119    0.000002   -0.000010
   120   -0.000005    0.000016
   121    0.000007   -0.000018
   122   -0.000008    0.000015
   123    0.000006   -0.000001
   124   -0.000000   -0.000025
   125   -0.000011    0.000062
   126    0.000025   -0.000105
   127   -0.000040    0.000144
   128    0.000051   -0.000167
   129   -0.000055    0.000165
   130    0.000044   -0.000129
   131   -0.000021    0.000070
   132   -0.000012   -0.000004
   133    0.000036   -0.000031
   134   -0.000044    0.000014
   135    0.000014    0.000082
   136    0.000041   -0.000226
   137   -0.000122    0.000390
   138    0.000191   -0.000457
   139   -0.000233    0.000350
   140    0.000191    0.000110
   141   -0.000041   -0.000992
   142   -0.000293    0.002445
   143    0.000812   -0.004344
   144   -0.001525    0.006585
   145    0.002274   -0.008610
   146   -0.002880    0.010045
   147    0.003042   -0.010201
   148   -0.002636    0.009191
   149    0.001691   -0.007081
   150   -0.000602    0.005161
   151   -0.000110   -0.004067
   152   -0.000053    0.005163
   153    0.001215   -0.007742
   154   -0.002930    0.011672
   155    0.004461   -0.014419
   156   -0.004893    0.015889
   157    0.004176   -0.014333
   158   -0.002573    0.012324
   159    0.001581   -0.009157
   160   -0.001500    0.007765
   161    0.002893   -0.003907
   162   -0.003179   -0.002317
   163    0.001268    0.018340
   164    0.006331   -0.040414
   165   -0.017009    0.069695
   166    0.029783   -0.090193
   167   -0.035050    0.097432
   168    0.031273   -0.075383
   169   -0.011875    0.037180
   170   -0.010666    0.012000
   171    0.032014   -0.034535
   172   -0.029814    0.024400
   173    0.010611    0.040228
   174    0.032280   -0.123152
   175   -0.064396    0.215566
   176    0.088166   -0.264635
   177   -0.072848    0.292504
   178    0.057212   -0.290032
   179   -0.029811    0.337171
   180    0.053649   -0.437836
   181   -0.094256    0.659767
   182    0.202862   -0.938861
   183   -0.297432    1.280988
   184    0.424933   -1.548721
   185   -0.468469    1.732990
   186    0.501610   -1.703452
   187   -0.398719    1.539560
   188    0.307523   -1.208776
   189   -0.122122    0.924582
   190    0.077344   -0.703907
   191   -0.026422    0.748086
   192    0.201559   -0.913569
   193   -0.302612    1.213474
   194    0.529380   -1.289103
   195   -0.464797    1.082701
   196    0.408355   -0.267351
   197    0.060896   -1.002550
   198   -0.444853    2.819628
   199    1.172620   -4.766391
   200   -1.583903    6.812882
   201    2.235984   -8.492883
   202   -2.392874    9.869220
   203    2.818002  -10.551719
   204   -2.646299   10.698648
   205    2.778525   -9.946239
   206   -2.136475    8.550650
   207    1.839858   -6.299839
   208   -0.725763    3.717643
   209    0.276222   -0.813115
   210    0.840275   -1.783132
   211   -0.974295    4.153436
   212    1.862328   -5.842744
   213   -1.664407    7.085265
   214    2.354125   -7.501342
   215   -1.700088    7.389865
   216    2.009932   -6.554819
   217   -0.906636    5.541851
   218    1.235998   -4.365879
   219   -0.280011    3.496680
   220    1.018772   -2.695796
   221   -0.078619    2.109322
   222    0.757291   -1.511500
   223    0.478192    1.290874
   224    0.412688   -1.643460
   225    0.369282    3.020799
   226    1.442320   -5.387603
   227   -1.264200    8.572754
   228    3.524620  -12.096044
   229   -3.204703   15.468386
   230    5.297813  -18.316549
   231   -4.471716   20.242502
   232    6.138232  -21.162339
   233   -4.535767   20.850565
   234    5.575274  -19.666966
   235   -3.312429   17.717369
   236    4.250121  -15.750571
   237   -2.105705   13.784755
   238    3.551339  -12.309716
   239   -1.651571   10.760062
   240    3.181305   -9.345199
   241   -0.915417    7.411956
   242    2.153273   -5.548878
   243    0.317601    3.416290
   244    1.147591   -1.846839
   245    1.008571    0.323127
   246    0.802652    0.565534
   247    1.293992   -1.601478
   248    0.468505    2.154129
   249    1.702401   -2.851135
   250    0.190529    2.873472
   251    1.702205   -2.867862
   252    0.469180    2.182665
   253    1.292549   -1.634260
   254    0.804853    0.595500
   255    1.005988    0.300235
   256    1.150020   -1.831959
   257    0.315728    3.408020
   258    2.154468   -5.544958
   259   -0.916048    7.410383
   260    3.181580   -9.344672
   261   -1.651669   10.759917
   262    3.551370  -12.309681
   263   -2.105738   13.784723
   264    4.250261  -15.750382
   265   -3.312963   17.716356
   266    5.576853  -19.662637
   267   -4.539281   20.835331
   268    6.143518  -21.117297
   269   -4.473991   20.128794
   270    5.281954  -18.068337
   271   -3.140625   14.995179
   272    3.369911  -11.301859
   273   -0.978739    7.392068
   274    1.011478   -3.825409
   275    0.916143    1.175103
   276   -0.178190    0.307559
   277    1.023521   -0.555485
   278    0.329030    0.051762
   279    0.203940    0.927531
   280    0.866636   -1.900744
   281   -0.217819    3.022940
   282    1.221298   -4.117419
   283   -0.909482    5.428102
   284    2.015341   -6.510019
   285   -1.703259    7.375750
   286    2.354701   -7.500977
   287   -1.663209    7.096035
   288    1.860941   -5.872463
   289   -0.976416    4.219018
   290    0.853143   -1.908753
   291    0.242181   -0.601531
   292   -0.660401    3.402270
   293    1.739066   -5.882059
   294   -2.006949    8.057683
   295    2.637746   -9.428511
   296   -2.516799   10.217714
   297    2.719162  -10.163876
   298   -2.335279    9.612032
   299    2.220871   -8.379352
   300   -1.606092    6.833203
   301    1.223468   -4.893945
   302   -0.513546    3.017945
   303    0.135154   -1.232012
   304    0.340426   -0.043034
   305   -0.411783    0.890775
   306    0.494424   -1.144447
   307   -0.283741    1.119171
   308    0.194276   -0.865070
   309   -0.026835    0.738670
   310    0.083978   -0.728577
   311   -0.135714    0.980720
   312    0.329320   -1.294022
   313   -0.428522    1.648882
   314    0.536762   -1.827572
   315   -0.504357    1.859275
   316    0.456636   -1.664100
   317   -0.321487    1.375380
   318    0.218199   -1.007463
   319   -0.101992    0.703324
   320    0.056127   -0.461097
   321   -0.029509    0.346513
   322    0.055973   -0.291333
   323   -0.071609    0.289965
   324    0.087125   -0.260614
   325   -0.063410    0.211100
   326    0.031235   -0.118630
   327    0.011664    0.035864
   328   -0.030739    0.028435
   329    0.032747   -0.038177
   330   -0.011281    0.015344
   331   -0.011228    0.033943
   332    0.030488   -0.072133
   333   -0.034151    0.094241
   334    0.028919   -0.087332
   335   -0.016367    0.067507
   336    0.006032   -0.039150
   337    0.001220    0.018044
   338   -0.002882   -0.002822
   339    0.002483   -0.002899
   340   -0.001091    0.006571
   341    0.001240   -0.008037
   342   -0.002328    0.011445
   343    0.004037   -0.013778
   344   -0.004856    0.015672
   345    0.004511   -0.014506
   346   -0.003044    0.011990
   347    0.001363   -0.008200
   348   -0.000205    0.005665
   349    0.000021   -0.004528
   350   -0.000695    0.005523
   351    0.001740   -0.007317
   352   -0.002646    0.009303
   353    0.003025   -0.010212
   354   -0.002849    0.009991
   355    0.002241   -0.008525
   356   -0.001496    0.006498
   357    0.000791   -0.004274
   358   -0.000282    0.002401
   359   -0.000043   -0.000976
   360    0.000186    0.000118
   361   -0.000224    0.000325
   362    0.000180   -0.000423
   363   -0.000112    0.000354
   364    0.000032   -0.000193
   365    0.000021    0.000055
   366   -0.000048    0.000036
   367    0.000039   -0.000047
   368   -0.000014    0.000007
   369   -0.000020    0.000063
   370    0.000043   -0.000124
   371   -0.000054    0.000161
   372    0.000051   -0.000165
   373   -0.000040    0.000142
   374    0.000024   -0.000103
   375   -0.000011    0.000061
   376   -0.000001   -0.000024
   377    0.000006   -0.000001
   378   -0.000008    0.000015
   379    0.000007   -0.000018
   380   -0.000004    0.000015
   381    0.000002   -0.000010
   382   -0.000000    0.000005
   383   -0.000000   -0.000002
   384    0.000000    0.000001
   385   -0.000000   -0.000001
   386   -0.000000    0.000001
   387    0.000000   -0.000001
   388   -0.000000    0.000001
   389    0.000000   -0.000001
   390   -0.000000    0.000000
   391   -0.000000    0.000000
   392    0.000000   -0.000001
   393   -0.000000    0.000001
   394    0.000000   -0.000001
   395   -0.000000    0.000001
   396    0.000000   -0.000001
   397   -0.000000    0.000001
   398    0.000000   -0.000000
   399   -0.000000    0.000000
   400    0.000000   -0.000000
   401   -0.000000    0.000000
   402   -0.000000   -0.000000
   403    0.000000    0.000000
   404   -0.000000   -0.000000
   405   -0.000000    0.000000
   406    0.000000   -0.000000
   407   -0.000000    0.000000
   408    0.000000   -0.000000
   409   -0.000000    0.000000
   410    0.000000   -0.000000
   411   -0.000000    0.000000
   412    0.000000   -0.000000
   413   -0.000000    0.000000
   414    0.000000   -0.000000
   415   -0.000000    0.000000
   416    0.000000   -0.000000
   417   -0.000000    0.000000
   418    0.000000   -0.000000
   419   -0.000000    0.000000
   420   -0.000000   -0.000000
   421    0.000000    0.000000
   422   -0.000000   -0.000000
   423    0.000000    0.000000
   424   -0.000000    0.000000
   425    0.000000   -0.000000
   426   -0.000000    0.000000
   427    0.000000   -0.000000
   428   -0.000000    0.000000
   429    0.000000   -0.000000
   430   -0.000000    0.000000
   431    0.000000   -0.000000
   432   -0.000000    0.000000
   433    0.000000   -0.000000
   434   -0.000000    0.000000
   435    0.000000   -0.000000
   436   -0.000000    0.000000
   437    0.000000   -0.000000
   438    0.000000    0.000000
   439   -0.000000    0.000000
   440    0.000000   -0.000000
   441   -0.000000    0.000000
   442    0.000000   -0.000000
   443    0.000000    0.000000
   444   -0.000000   -0.000000
   445    0.000000   -0.000000
   446   -0.000000    0.000000
   447    0.000000   -0.000000
   448   -0.000000    0.000000
   449    0.000000   -0.000000
   450   -0.000000    0.000000
   451    0.000000   -0.000000
   452   -0.000000    0.000000
   453    0.000000   -0.000000
   454    0.000000    0.000000
   455   -0.000000    0.000000
   456    0.000000   -0.000000
   457   -0.000000    0.000000
   458    0.000000   -0.000000
   459   -0.000000    0.000000
   460    0.000000   -0.000000
   461   -0.000000    0.000000
   462   -0.000000   -0.000000
   463    0.000000    0.000000
   464   -0.000000   -0.000000
   465    0.000000    0.000000
   466   -0.000000   -0.000000
   467    0.000000    0.000000
   468   -0.000000   -0.000000
   469    0.000000    0.000000
   470   -0.000000   -0.000000
   471    0.000000    0.000000
   472   -0.000000   -0.000000
   473    0.000000    0.000000
   474    0.000000   -0.000000
   475   -0.000000    0.000000
   476    0.000000   -0.000000
   477   -0.000000    0.000000
   478    0.000000   -0.000000
   479   -0.000000    0.000000
   480    0.000000   -0.000000
   481   -0.000000    0.000000
   482    0.000000   -0.000000
   483   -0.000000    0.000000
   484    0.000000   -0.000000
   485   -0.000000    0.000000
   486   -0.000000   -0.000000
   487    0.000000    0.000000
   488   -0.000000   -0.000000
   489    0.000000    0.000000
   490   -0.000000   -0.000000
   491    0.000000    0.000000
   492   -0.000000   -0.000000
   493    0.000000    0.000000
   494   -0.000000   -0.000000
   495    0.000000    0.000000
   496   -0.000000    0.000000
   497    0.000000   -0.000000
   498   -0.000000    0.000000
   499    0.000000   -0.000000
   500   -0.000000    0.000000
   501    0.000000   -0.000000
   502    0.000000    0.000000
   503   -0.000000   -0.000000
   504    0.000000   -0.000000
   505    0.000000    0.000000
   506   -0.000000   -0.000000
   507    0.000000    0.000000
   508   -0.000000   -0.000000
   509    0.000000    0.000000
   510   -0.000000   -0.000000
   511    0.000000    0.000000
   512   -0.000000   -0.000000
   513    0.000000    0.000000
   514   -0.000000   -0.000000
   515   -0.000000    0.000000
   516    0.000000   -0.000000
   517   -0.000000    0.000000
   518    0.000000   -0.000000
   519   -0.000000    0.000000
   520    0.000000   -0.000000
   521   -0.000000    0.000000
   522    0.000000   -0.000000
   523   -0.000000    0.000000
   524    0.000000   -0.000000
   525   -0.000000    0.000000
   526    0.000000   -0.000000
   527   -0.000000    0.000000
   528   -0.000000   -0.000000
   529    0.000000    0.000000
   530   -0.000000   -0.000000
   531    0.000000    0.000000
   532   -0.000000   -0.000000
   533    0.000000    0.000000
   534   -0.000000   -0.000000
   535    0.000000    0.000000
   536   -0.000000   -0.000000
   537    0.000000   -0.000000
   538    0.000000    0.000000
   539   -0.000000   -0.000000
   540    0.000000   -0.000000
   541   -0.000000    0.000000
   542    0.000000   -0.000000
   543   -0.000000    0.000000
   544    0.000000   -0.000000
   545   -0.000000    0.000000
   546    0.000000   -0.000000
   547   -0.000000    0.000000
   548    0.000000   -0.000000
   549   -0.000000    0.000000
   550    0.000000   -0.000000
   551   -0.000000    0.000000
   552    0.000000   -0.000000
   553   -0.000000    0.000000
   554    0.000000   -0.000000
   555   -0.000000    0.000000
   556    0.000000   -0.000000
   557   -0.000000    0.000000
   558    0.000000   -0.000000
   559   -0.000000    0.000000
   560    0.000000   -0.000000
   561    0.000000    0.000000
   562    0.000000   -0.000000
   563    0.000000    0.000000
   564   -0.000000   -0.000000
   565    0.000000    0.000000
   566   -0.000000   -0.000000
   567    0.000000   -0.000000
   568    0.000000    0.000000
   569    0.000000   -0.000000
   570    0.000000    0.000000
   571    0.000000   -0.000000
   572   -0.000000    0.000000
   573    0.000000   -0.000000
   574   -0.000000    0.000000
   575    0.000000   -0.000000
   576   -0.000000    0.000000
   577    0.000000   -0.000000
   578   -0.000000    0.000000
   579    0.000000   -0.000000
   580    0.000000    0.000000
   581   -0.000000   -0.000000
   582    0.000000    0.000000
   583   -0.000000   -0.000000
   584    0.000000    0.000000
   585   -0.000000    0.000000
   586    0.000000   -0.000000
   587    0.000000    0.000000
   588   -0.000000   -0.000000
   589    0.000000    0.000000
   590   -0.000000    0.000000
   591   -0.000000    0.000000
   592    0.000000    0.000000
   593   -0.000000    0.000000
   594    0.000000   -0.000000
   595   -0.000000    0.000000
   596   -0.000000   -0.000000
   597   -0.000000    0.000000
   598   -0.000000    0.000000
   599   -0.000000    0.000000
   600   -0.000000    0.000000
   601   -0.000000    0.000000
   602   -0.000000   -0.000000
   603   -0.000000    0.000000
   604   -0.000000    0.000000
   605   -0.000000   -0.000000
   606   -0.000000    0.000000
   607   -0.000000   -0.000000
   608   -0.000000    0.000000
   609   -0.000000   -0.000000
   610   -0.000000    0.000000
   611   -0.000000    0.000000
   612    0.000000   -0.000000
   613   -0.000000    0.000000
   614   -0.000000   -0.000000
   615   -0.000000    0.000000
   616   -0.000000   -0.000000
   617   -0.000000    0.000000
   618   -0.000000    0.000000
   619   -0.000000   -0.000000
   620   -0.000000    0.000000
   621   -0.000000   -0.000000
   622   -0.000000    0.000000
   623   -0.000000   -0.000000
   624   -0.000000    0.000000
   625   -0.000000   -0.000000
   626   -0.000000    0.000000
   627   -0.000000   -0.000000
   628   -0.000000    0.000000
   629   -0.000000   -0.000000
   630   -0.000000    0.000000
   631   -0.000000   -0.000000
   632   -0.000000    0.000000
   633   -0.000000   -0.000000
   634   -0.000000    0.000000
   635   -0.000000   -0.000000
   636   -0.000000    0.000000
   637   -0.000000   -0.000000
   638   -0.000000    0.000000
   639   -0.000000   -0.000000
   640   -0.000000    0.000000
   641   -0.000000   -0.000000
   642   -0.000000    0.000000
   643   -0.000000   -0.000000
   644   -0.000000   -0.000000
   645   -0.000000   -0.000000
   646   -0.000000   -0.000000
   647   -0.000000   -0.000000
   648   -0.000000   -0.000000
   649   -0.000000   -0.000000
   650   -0.000000   -0.000000
   651   -0.000000   -0.000000
   652    0.000000   -0.000000
   653    0.000000   -0.000000
   654    0.000000   -0.000000
   655    0.000000   -0.000000
   656    0.000000   -0.000000
   657    0.000000   -0.000000
   658    0.000000   -0.000000
   659    0.000000   -0.000000
   660    0.000000   -0.000000
   661    0.000000   -0.000000
   662    0.000000   -0.000000
   663    0.000000   -0.000000
   664    0.000000   -0.000000
   665    0.000000   -0.000000
   666    0.000000   -0.000000
   667    0.000000   -0.000000
   668    0.000000   -0.000000
   669    0.000000   -0.000000
   670    0.000000   -0.000000
   671    0.000000   -0.000000
   672    0.000000   -0.000000
   673    0.000000   -0.000000
   674    0.000000   -0.000000
   675    0.000000   -0.000000
   676    0.000000   -0.000000
   677    0.000000   -0.000000
   678    0.000000   -0.000000
   679    0.000000   -0.000000
   680    0.000000   -0.000000
   681    0.000000   -0.000000
   682    0.000000   -0.000000
   683    0.000000   -0.000000
   684    0.000000   -0.000000
   685    0.000000   -0.000000
   686    0.000000   -0.000000
   687    0.000000   -0.000000
   688    0.000000   -0.000000
   689    0.000000    0.000000
   690    0.000000    0.000000
   691    0.000000    0.000000
   692    0.000000    0.000000
   693    0.000000    0.000000
   694    0.000000    0.000000
   695    0.000000    0.000000
   696    0.000000    0.000000
   697    0.000000    0.000000
   698    0.000000    0.000000
   699    0.000000    0.000000
   700    0.000000    0.000000
   701    0.000000    0.000000
   702    0.000000    0.000000
   703    0.000000    0.000000
   704    0.000000    0.000000
   705    0.000000    0.000000
   706    0.000000    0.000000
   707    0.000000    0.000000
   708    0.000000    0.000000
   709    0.000000    0.000000
   710    0.000000    0.000000
   711    0.000000    0.000000
   712    0.000000    0.000000
   713    0.000000    0.000000
   714    0.000000    0.000000
   715    0.000000    0.000000
   716    0.000000    0.000000
   717    0.000000    0.000000
   718    0.000000    0.000000
   719    0.000000    0.000000
   720    0.000000    0.000000
   721    0.000000    0.000000
   722    0.000000    0.000000
   723    0.000000    0.000000
   724    0.000000    0.000000
   725    0.000000    0.000000
   726    0.000000    0.000000
   727    0.000000    0.000000
   728    0.000000    0.000000
   729    0.000000    0.000000
   730    0.000000    0.000000
   731    0.000000    0.000000
   732   -0.000000    0.000000
   733   -0.000000    0.000000
   734   -0.000000    0.000000
   735   -0.000000    0.000000
   736   -0.000000    0.000000
   737   -0.000000    0.000000
   738   -0.000000    0.000000
   739   -0.000000    0.000000
   740   -0.000000    0.000000
   741   -0.000000    0.000000
   742   -0.000000    0.000000
   743   -0.000000    0.000000
   744   -0.000000    0.000000
   745   -0.000000    0.000000
   746   -0.000000    0.000000
   747   -0.000000    0.000000
   748   -0.000000    0.000000
   749   -0.000000    0.000000
   750   -0.000000    0.000000
   751   -0.000000    0.000000
   752   -0.000000    0.000000
   753   -0.000000    0.000000
   754   -0.000000    0.000000
   755   -0.000000    0.000000
   756   -0.000000    0.000000
   757   -0.000000    0.000000
   758   -0.000000    0.000000
   759   -0.000000    0.000000
   760   -0.000000    0.000000
   761   -0.000000    0.000000
   762   -0.000000    0.000000
   763   -0.000000    0.000000
   764   -0.000000    0.000000
   765   -0.000000    0.000000
   766   -0.000000    0.000000
   767   -0.000000    0.000000
   768   -0.000000    0.000000
   769   -0.000000    0.000000
   770   -0.000000    0.000000
   771   -0.000000    0.000000
   772   -0.000000    0.000000
   773   -0.000000    0.000000
   774   -0.000000    0.000000
   775   -0.000000    0.000000
   776   -0.000000    0.000000
   777   -0.000000    0.000000
   778   -0.000000    0.000000
   779   -0.000000    0.000000
   780   -0.000000    0.000000
   781   -0.000000    0.000000
   782   -0.000000    0.000000
   783   -0.000000    0.000000
   784   -0.000000    0.000000
   785   -0.000000    0.000000
   786   -0.000000   -0.000000
   787   -0.000000   -0.000000
   788   -0.000000   -0.000000
   789   -0.000000   -0.000000
   790   -0.000000   -0.000000
   791   -0.000000   -0.000000
   792   -0.000000   -0.000000
   793   -0.000000   -0.000000
   794   -0.000000   -0.000000
   795   -0.000000   -0.000000
   796   -0.000000   -0.000000
   797   -0.000000   -0.000000
   798   -0.000000   -0.000000
   799   -0.000000   -0.000000
   800   -0.000000   -0.000000
   801   -0.000000   -0.000000
   802   -0.000000   -0.000000
   803   -0.000000   -0.000000
   804   -0.000000   -0.000000
   805   -0.000000   -0.000000
   806   -0.000000   -0.000000
   807   -0.000000   -0.000000
   808   -0.000000   -0.000000
   809   -0.000000   -0.000000
   810   -0.000000   -0.000000
   811   -0.000000   -0.000000
   812   -0.000000   -0.000000
   813   -0.000000   -0.000000
   814   -0.000000   -0.000000
   815   -0.000000   -0.000000
   816   -0.000000   -0.000000
   817   -0.000000   -0.000000
   818   -0.000000   -0.000000
   819   -0.000000   -0.000000
   820   -0.000000   -0.000000
   821   -0.000000   -0.000000
   822   -0.000000   -0.000000
   823   -0.000000   -0.000000
   824   -0.000000   -0.000000
   825   -0.000000   -0.000000
   826   -0.000000   -0.000000
   827   -0.000000   -0.000000
   828   -0.000000   -0.000000
   829   -0.000000   -0.000000
   830   -0.000000   -0.000000
   831   -0.000000   -0.000000
   832   -0.000000   -0.000000
   833   -0.000000   -0.000000
   834   -0.000000   -0.000000
   835   -0.000000   -0.000000
   836   -0.000000   -0.000000
   837   -0.000000   -0.000000
   838   -0.000000   -0.000000
   839   -0.000000   -0.000000
   840   -0.000000   -0.000000
   841   -0.000000   -0.000000
   842   -0.000000   -0.000000
   843   -0.000000   -0.000000
   844   -0.000000   -0.000000
   845   -0.000000   -0.000000
   846   -0.000000   -0.000000
   847   -0.000000   -0.000000
   848   -0.000000   -0.000000
   849   -0.000000   -0.000000
   850   -0.000000   -0.000000
   851   -0.000000   -0.000000
   852   -0.000000   -0.000000
   853   -0.000000   -0.000000
   854   -0.000000   -0.000000
   855   -0.000000   -0.000000
   856   -0.000000   -0.000000
   857   -0.000000   -0.000000
   858   -0.000000   -0.000000
   859   -0.000000   -0.000000
   860    0.000000   -0.000000
   861    0.000000   -0.000000
   862    0.000000   -0.000000
   863    0.000000   -0.000000
   864    0.000000   -0.000000
   865    0.000000   -0.000000
   866    0.000000   -0.000000
   867    0.000000   -0.000000
   868    0.000000   -0.000000
   869    0.000000   -0.000000
   870    0.000000   -0.000000
   871    0.000000   -0.000000
   872    0.000000   -0.000000
   873    0.000000   -0.000000
   874    0.000000   -0.000000
   875    0.000000   -0.000000
   876    0.000000   -0.000000
   877    0.000000   -0.000000
   878    0.000000   -0.000000
   879    0.000000   -0.000000
   880    0.000000   -0.000000
   881    0.000000   -0.000000
   882    0.000000   -0.000000
   883    0.000000   -0.000000
   884    0.000000   -0.000000
   885    0.000000   -0.000000
   886    0.000000   -0.000000
   887    0.000000   -0.000000
   888    0.000000   -0.000000
   889    0.000000   -0.000000
   890    0.000000   -0.000000
   891    0.000000   -0.000000
   892    0.000000   -0.000000
   893    0.000000   -0.000000
   894    0.000000   -0.000000
   895    0.000000   -0.000000
   896    0.000000   -0.000000
   897    0.000000   -0.000000
   898    0.000000   -0.000000
   899    0.000000   -0.000000
   900    0.000000   -0.000000
   901    0.000000   -0.000000
   902    0.000000   -0.000000
   903    0.000000   -0.000000
   904    0.000000   -0.000000
   905    0.000000   -0.000000
   906    0.000000   -0.000000
   907    0.000000   -0.000000
   908    0.000000   -0.000000
   909    0.000000   -0.000000
   910    0.000000   -0.000000
   911    0.000000   -0.000000
   912    0.000000   -0.000000
   913    0.000000   -0.000000
   914    0.000000   -0.000000
   915    0.000000   -0.000000
   916    0.000000   -0.000000
   917    0.000000   -0.000000
   918    0.000000   -0.000000
   919    0.000000   -0.000000
   920    0.000000   -0.000000
   921    0.000000   -0.000000
   922    0.000000   -0.000000
   923    0.000000   -0.000000
   924    0.000000   -0.000000
   925    0.000000   -0.000000
   926    0.000000   -0.000000
   927    0.000000   -0.000000
   928    0.000000   -0.000000
   929    0.000000   -0.000000
   930    0.000000   -0.000000
   931    0.000000   -0.000000
   932    0.000000   -0.000000
   933    0.000000   -0.000000
   934    0.000000   -0.000000
   935    0.000000   -0.000000
   936    0.000000   -0.000000
   937    0.000000   -0.000000
   938    0.000000   -0.000000
   939    0.000000   -0.000000
   940    0.000000   -0.000000
   941    0.000000   -0.000000
   942    0.000000   -0.000000
   943    0.000000   -0.000000
   944    0.000000   -0.000000
   945    0.000000   -0.000000
   946    0.000000   -0.000000
   947    0.000000   -0.000000
   948    0.000000   -0.000000
   949    0.000000   -0.000000
   950    0.000000   -0.000000
   951    0.000000   -0.000000
   952    0.000000   -0.000000
   953    0.000000   -0.000000
   954    0.000000   -0.000000
   955    0.000000   -0.000000
   956    0.000000   -0.000000
   957    0.000000   -0.000000
   958    0.000000   -0.000000
   959    0.000000   -0.000000
   960    0.000000   -0.000000
   961    0.000000   -0.000000
   962    0.000000   -0.000000
   963    0.000000   -0.000000
   964    0.000000   -0.000000
   965    0.000000   -0.000000
   966    0.000000   -0.000000
   967    0.000000   -0.000000
   968    0.000000   -0.000000
   969    0.000000   -0.000000
   970    0.000000   -0.000000
   971    0.000000   -0.000000
   972    0.000000   -0.000000
   973    0.000000   -0.000000
   974    0.000000    0.000000
   975    0.000000    0.000000
   976    0.000000    0.000000
   977    0.000000    0.000000
   978    0.000000    0.000000
   979    0.000000    0.000000
   980    0.000000    0.000000
   981    0.000000    0.000000
   982    0.000000    0.000000
   983    0.000000    0.000000
   984    0.000000    0.000000
   985    0.000000    0.000000
   986    0.000000    0.000000
   987    0.000000    0.000000
   988    0.000000    0.000000
   989    0.000000    0.000000
   990    0.000000    0.000000
   991    0.000000    0.000000
   992    0.000000    0.000000
   993    0.000000    0.000000
   994    0.000000    0.000000
   995    0.000000    0.000000
   996    0.000000    0.000000
   997    0.000000    0.000000
   998    0.000000   -0.000000
   999    0.000000    0.000000
  1000    0.000000    0.000000
