     1    0.000000    0.000000
     2    0.000000    0.000000
     3   -0.000000   -0.000000
     4    0.000000    0.000000
     5   -0.000000   -0.000000
     6    0.000000    0.000000
     7   -0.000000   -0.000000
     8    0.000000    0.000000
     9   -0.000000   -0.000000
    10    0.000000   -0.000000
    11   -0.000000    0.000000
    12    0.000000   -0.000000
    13   -0.000000    0.000000
    14    0.000000   -0.000000
    15   -0.000000    0.000000
    16    0.000000   -0.000000
    17   -0.000000    0.000000
    18    0.000000   -0.000000
    19   -0.000000   -0.000000
    20   -0.000000    0.000000
    21    0.000000    0.000000
    22   -0.000000   -0.000000
    23    0.000000    0.000000
    24   -0.000000   -0.000000
    25    0.000000    0.000000
    26   -0.000000   -0.000000
    27    0.000000    0.000000
    28   -0.000000   -0.000000
    29    0.000000    0.000000
    30    0.000000   -0.000000
    31   -0.000000    0.000000
    32    0.000000   -0.000000
    33   -0.000000   -0.000000
    34    0.000000    0.000000
    35   -0.000000   -0.000000
    36    0.000000    0.000000
    37    0.000000   -0.000000
    38   -0.000000   -0.000000
    39    0.000000    0.000000
    40   -0.000000   -0.000000
    41    0.000000    0.000000
    42   -0.000000   -0.000000
    43    0.000000    0.000000
    44   -0.000000   -0.000000
    45    0.000000    0.000000
    46    0.000000   -0.000000
    47   -0.000000   -0.000000
    48    0.000000    0.000000
    49   -0.000000   -0.000000
    50    0.000000    0.000000
    51   -0.000000   -0.000000
    52    0.000000    0.000000
    53   -0.000000   -0.000000
    54    0.000000    0.000000
    55   -0.000000   -0.000000
    56   -0.000000    0.000000
    57    0.000000    0.000000
    58   -0.000000   -0.000000
    59    0.000000    0.000000
    60   -0.000000   -0.000000
    61   -0.000000    0.000000
    62    0.000000   -0.000000
    63   -0.000000   -0.000000
    64    0.000000    0.000000
    65   -0.000000   -0.000000
    66    0.000000    0.000000
    67   -0.000000   -0.000000
    68    0.000000    0.000000
    69   -0.000000   -0.000000
    70    0.000000    0.000000
    71   -0.000000   -0.000000
    72    0.000000    0.000000
    73   -0.000000   -0.000000
    74    0.000000    0.000000
    75   -0.000000   -0.000000
    76    0.000000    0.000000
    77    0.000000   -0.000000
    78   -0.000000    0.000000
    79    0.000000    0.000000
    80   -0.000000   -0.000000
    81    0.000000    0.000000
    82   -0.000000   -0.000000
    83    0.000000    0.000000
    84   -0.000000   -0.000000
    85    0.000000    0.000000
    86   -0.000000   -0.000000
    87    0.000000    0.000000
    88   -0.000000   -0.000000
    89    0.000000    0.000000
    90   -0.000000   -0.000000
    91    0.000000    0.000000
    92   -0.000000   -0.000000
    93    0.000000    0.000000
    94   -0.000000   -0.000000
    95    0.000000    0.000000
    96   -0.000000   -0.000000
    97    0.000000    0.000000
    98   -0.000000   -0.000000
    99    0.000001    0.000000
   100   -0.000002   -0.000000
   101    0.000003    0.000001
   102   -0.000004   -0.000001
   103    0.000006    0.000002
   104   -0.000007   -0.000003
   105    0.000008    0.000003
   106   -0.000009   -0.000004
   107    0.000008    0.000003
   108   -0.000005   -0.000003
   109    0.000001    0.000001
   110    0.000003    0.000001
   111   -0.000008   -0.000003
   112    0.000011    0.000005
   113   -0.000012   -0.000005
   114    0.000010    0.000004
   115   -0.000010   -0.000001
   116    0.000014   -0.000001
   117   -0.000030   -0.000001
   118    0.000060    0.000011
   119   -0.000104   -0.000032
   120    0.000146    0.000060
   121   -0.000160   -0.000086
   122    0.000112    0.000090
   123    0.000028   -0.000055
   124   -0.000279   -0.000034
   125    0.000624    0.000177
   126   -0.001015   -0.000355
   127    0.001361    0.000534
   128   -0.001559   -0.000660
   129    0.001511    0.000676
   130   -0.001190   -0.000537
   131    0.000662    0.000256
   132   -0.000129    0.000093
   133   -0.000146   -0.000351
   134   -0.000099    0.000360
   135    0.000955    0.000003
   136   -0.002272   -0.000701
   137    0.003537    0.001580
   138   -0.003948   -0.002299
   139    0.002387    0.002469
   140    0.002345   -0.001529
   141   -0.011389   -0.001042
   142    0.025273    0.005836
   143   -0.043483   -0.012947
   144    0.063782    0.021924
   145   -0.082348   -0.030994
   146    0.094373    0.037735
   147   -0.096056   -0.039200
   148    0.086526    0.034205
   149   -0.069594   -0.023633
   150    0.053072    0.012124
   151   -0.046253   -0.005155
   152    0.055284    0.008192
   153   -0.079582   -0.021273
   154    0.110832    0.040510
   155   -0.136536   -0.056282
   156    0.146430    0.061947
   157   -0.138019   -0.053876
   158    0.117769    0.039579
   159   -0.094422   -0.027244
   160    0.069982    0.026450
   161   -0.030262   -0.030068
   162   -0.050844    0.023979
   163    0.199795    0.019880
   164   -0.415828   -0.111423
   165    0.657986    0.245027
   166   -0.839001   -0.369255
   167    0.866050    0.425322
   168   -0.682170   -0.349062
   169    0.332480    0.148075
   170    0.042724    0.115674
   171   -0.231663   -0.295803
   172    0.077954    0.280031
   173    0.458630   -0.006664
   174   -1.222964   -0.419011
   175    1.982901    0.838660
   176   -2.505183   -1.048575
   177    2.776339    1.020188
   178   -2.967135   -0.832736
   179    3.475715    0.763376
   180   -4.627877   -1.016247
   181    6.646323    1.772326
   182   -9.343334   -2.932392
   183   12.326465    4.337634
   184  -14.853616   -5.588137
   185   16.326912    6.391694
   186  -16.197026   -6.379475
   187   14.579653    5.555990
   188  -11.896715   -4.048496
   189    9.282499    2.497362
   190   -7.623864   -1.461988
   191    7.757699    1.577452
   192   -9.270186   -2.743949
   193   11.271436    4.553883
   194  -11.656572   -5.854528
   195    8.839843    5.751026
   196   -1.128779   -3.318882
   197  -11.332544   -1.398272
   198   28.075639    8.127683
   199  -46.740611  -15.701384
   200   65.628691   23.253908
   201  -81.933687  -29.614747
   202   94.564733   34.468558
   203 -101.360264  -37.239664
   204  102.091838   37.921460
   205  -95.075918  -35.795799
   206   81.231973   30.778983
   207  -60.330071  -22.654724
   208   35.644837   12.636658
   209   -8.625632   -1.907947
   210  -16.426186   -7.729688
   211   38.857574   15.781418
   212  -55.448146  -21.751139
   213   67.122134   25.948433
   214  -71.340412  -27.683207
   215   70.389641   26.800447
   216  -63.093454  -23.121289
   217   54.104363   18.189857
   218  -43.189722  -13.512485
   219   34.857574   10.533658
   220  -26.475212   -8.686230
   221   20.986232    6.942575
   222  -15.300698   -4.299024
   223   14.819962    1.824865
   224  -18.583795   -1.588217
   225   33.050937    5.811909
   226  -54.479581  -14.836496
   227   85.308689   27.311104
   228 -117.058452  -40.891402
   229  150.168712   53.547983
   230 -175.562155  -63.996660
   231  195.438016   71.191195
   232 -202.406132  -74.372206
   233  201.790322   72.813167
   234 -189.179392  -67.163828
   235  173.818259   58.843001
   236 -153.258047  -50.546508
   237  136.968791   43.816926
   238 -119.359284  -39.459597
   239  106.286026   35.849524
   240  -88.974732  -31.669193
   241   73.379552   25.325489
   242  -52.661730  -17.809787
   243   35.888341   10.080446
   244  -17.435146   -4.269363
   245    5.827471    0.155880
   246    6.826197    2.308682
   247  -13.512556   -4.893547
   248   22.370683    7.302585
   249  -25.122278   -9.715552
   250   28.855383   10.432340
   251  -25.277447   -9.729614
   252   22.637810    7.323649
   253  -13.824161   -4.911920
   254    7.117413    2.317577
   255    5.598310    0.157479
   256  -17.280412   -4.277773
   257   35.798121   10.090603
   258  -52.616331  -17.818100
   259   73.359943   25.330745
   260  -88.967532  -31.671863
   261  106.283802   35.850636
   262 -119.358638  -39.460051
   263  136.968035   43.817493
   264 -153.254347  -50.548439
   265  173.801365   58.848956
   266 -189.115548  -67.177512
   267  201.587204   72.832664
   268 -201.853276  -74.368066
   269  194.134063   71.062428
   270 -172.869661  -63.514646
   271  145.260759   52.327965
   272 -109.107503  -38.449823
   273   73.799770   23.239236
   274  -39.533492   -9.039290
   275   15.586282   -1.322391
   276   -0.189441    6.047670
   277   -2.652206   -5.295994
   278   -0.342276    1.475267
   279    9.464052    2.896993
   280  -18.513264   -6.268619
   281   29.942289    9.331868
   282  -40.493401  -13.042159
   283   52.799623   18.067107
   284  -62.544385  -23.118574
   285   70.202982   26.817151
   286  -71.329647  -27.690653
   287   67.250567   25.951185
   288  -55.789007  -21.776229
   289   39.571715   15.886308
   290  -17.734338   -8.010055
   291   -6.499269   -1.330581
   292   32.559926   11.657394
   293  -56.321115  -21.245764
   294   76.557893   29.034457
   295  -90.193300  -33.926610
   296   97.552737   36.193978
   297  -97.674584  -35.889881
   298   92.082953   33.638512
   299  -80.788977  -29.337135
   300   65.743165   23.474510
   301  -47.874125  -16.310379
   302   29.891071    8.982228
   303  -13.462185   -2.340582
   304    0.978352   -2.436735
   305    7.010792    5.036812
   306  -10.252676   -5.355375
   307   10.335907    4.259625
   308   -8.775676   -2.612891
   309    7.650634    1.568482
   310   -7.857384   -1.554840
   311    9.824384    2.692534
   312  -12.714794   -4.351211
   313   15.619872    5.956695
   314  -17.371492   -6.843577
   315   17.521198    6.864553
   316  -15.950500   -6.011888
   317   13.234318    4.669902
   318  -10.015873   -3.157156
   319    7.086026    1.899098
   320   -4.873950   -1.070482
   321    3.584133    0.774307
   322   -2.991889   -0.823993
   323    2.758085    1.005754
   324   -2.468609   -1.033785
   325    1.940201    0.824050
   326   -1.179327   -0.404171
   327    0.416472   -0.021217
   328    0.117220    0.293160
   329   -0.267588   -0.306963
   330    0.076025    0.125546
   331    0.300461    0.138102
   332   -0.650636   -0.338023
   333    0.835714    0.413517
   334   -0.812109   -0.358224
   335    0.637374    0.236720
   336   -0.403595   -0.107177
   337    0.196369    0.019818
   338   -0.054853    0.020846
   339   -0.021384   -0.025246
   340    0.059104    0.021333
   341   -0.083984   -0.022785
   342    0.109432    0.036280
   343   -0.132643   -0.051925
   344    0.144212    0.061324
   345   -0.137172   -0.056813
   346    0.113671    0.041894
   347   -0.083774   -0.023135
   348    0.059939    0.010150
   349   -0.050590   -0.006884
   350    0.056535    0.013402
   351   -0.071909   -0.024372
   352    0.087690    0.034446
   353   -0.096271   -0.039073
   354    0.093949    0.037402
   355   -0.081608   -0.030596
   356    0.062994    0.021562
   357   -0.042829   -0.012676
   358    0.024850    0.005680
   359   -0.011222   -0.001000
   360    0.002405   -0.001477
   361    0.002162    0.002356
   362   -0.003631   -0.002160
   363    0.003196    0.001444
   364   -0.001953   -0.000584
   365    0.000686   -0.000089
   366    0.000112    0.000427
   367   -0.000303   -0.000398
   368   -0.000018    0.000124
   369    0.000585    0.000236
   370   -0.001137   -0.000524
   371    0.001474    0.000667
   372   -0.001532   -0.000653
   373    0.001341    0.000528
   374   -0.001000   -0.000351
   375    0.000614    0.000174
   376   -0.000272   -0.000032
   377    0.000025   -0.000055
   378    0.000113    0.000090
   379   -0.000159   -0.000085
   380    0.000144    0.000059
   381   -0.000102   -0.000031
   382    0.000058    0.000010
   383   -0.000028   -0.000000
   384    0.000013   -0.000002
   385   -0.000009   -0.000001
   386    0.000010    0.000004
   387   -0.000011   -0.000005
   388    0.000011    0.000005
   389   -0.000008   -0.000003
   390    0.000003    0.000001
   391    0.000002    0.000001
   392   -0.000006   -0.000003
   393    0.000008    0.000003
   394   -0.000009   -0.000004
   395    0.000009    0.000003
   396   -0.000007   -0.000003
   397    0.000006    0.000002
   398   -0.000004   -0.000001
   399    0.000003    0.000001
   400   -0.000002   -0.000000
   401    0.000001    0.000000
   402   -0.000000   -0.000000
   403    0.000000    0.000000
   404   -0.000000   -0.000000
   405    0.000000    0.000000
   406   -0.000000   -0.000000
   407    0.000000    0.000000
   408   -0.000000   -0.000000
   409    0.000000    0.000000
   410   -0.000000   -0.000000
   411    0.000000    0.000000
   412   -0.000000   -0.000000
   413    0.000000    0.000000
   414   -0.000000   -0.000000
   415    0.000000    0.000000
   416   -0.000000   -0.000000
   417    0.000000    0.000000
   418   -0.000000   -0.000000
   419    0.000000    0.000000
   420   -0.000000   -0.000000
   421    0.000000    0.000000
   422   -0.000000    0.000000
   423    0.000000   -0.000000
   424    0.000000    0.000000
   425   -0.000000   -0.000000
   426    0.000000    0.000000
   427   -0.000000   -0.000000
   428    0.000000    0.000000
   429   -0.000000   -0.000000
   430    0.000000    0.000000
   431   -0.000000   -0.000000
   432    0.000000    0.000000
   433   -0.000000   -0.000000
   434    0.000000    0.000000
   435   -0.000000   -0.000000
   436    0.000000    0.000000
   437   -0.000000   -0.000000
   438    0.000000   -0.000000
   439   -0.000000    0.000000
   440   -0.000000   -0.000000
   441    0.000000    0.000000
   442   -0.000000   -0.000000
   443    0.000000    0.000000
   444   -0.000000    0.000000
   445   -0.000000   -0.000000
   446    0.000000    0.000000
   447   -0.000000   -0.000000
   448    0.000000    0.000000
   449   -0.000000   -0.000000
   450    0.000000    0.000000
   451   -0.000000   -0.000000
   452    0.000000    0.000000
   453   -0.000000   -0.000000
   454    0.000000   -0.000000
   455    0.000000    0.000000
   456   -0.000000   -0.000000
   457    0.000000    0.000000
   458   -0.000000   -0.000000
   459    0.000000    0.000000
   460   -0.000000   -0.000000
   461    0.000000    0.000000
   462   -0.000000   -0.000000
   463    0.000000   -0.000000
   464   -0.000000    0.000000
   465    0.000000   -0.000000
   466   -0.000000    0.000000
   467    0.000000   -0.000000
   468   -0.000000    0.000000
   469    0.000000   -0.000000
   470   -0.000000    0.000000
   471    0.000000   -0.000000
   472   -0.000000   -0.000000
   473    0.000000    0.000000
   474   -0.000000   -0.000000
   475    0.000000    0.000000
   476   -0.000000   -0.000000
   477    0.000000    0.000000
   478   -0.000000   -0.000000
   479    0.000000    0.000000
   480   -0.000000   -0.000000
   481    0.000000    0.000000
   482   -0.000000   -0.000000
   483    0.000000    0.000000
   484   -0.000000   -0.000000
   485    0.000000    0.000000
   486   -0.000000   -0.000000
   487    0.000000    0.000000
   488   -0.000000    0.000000
   489    0.000000   -0.000000
   490   -0.000000    0.000000
   491    0.000000   -0.000000
   492   -0.000000    0.000000
   493    0.000000   -0.000000
   494   -0.000000    0.000000
   495    0.000000   -0.000000
   496   -0.000000    0.000000
   497   -0.000000   -0.000000
   498    0.000000    0.000000
   499   -0.000000   -0.000000
   500    0.000000    0.000000
   501   -0.000000   -0.000000
   502    0.000000    0.000000
   503   -0.000000    0.000000
   504   -0.000000   -0.000000
   505    0.000000   -0.000000
   506   -0.000000    0.000000
   507    0.000000   -0.000000
   508   -0.000000    0.000000
   509    0.000000   -0.000000
   510   -0.000000    0.000000
   511    0.000000   -0.000000
   512   -0.000000    0.000000
   513    0.000000    0.000000
   514   -0.000000   -0.000000
   515    0.000000    0.000000
   516   -0.000000   -0.000000
   517    0.000000    0.000000
   518   -0.000000   -0.000000
   519    0.000000    0.000000
   520   -0.000000   -0.000000
   521    0.000000    0.000000
   522   -0.000000   -0.000000
   523    0.000000    0.000000
   524   -0.000000   -0.000000
   525    0.000000    0.000000
   526   -0.000000   -0.000000
   527    0.000000    0.000000
   528   -0.000000   -0.000000
   529    0.000000   -0.000000
   530   -0.000000    0.000000
   531    0.000000   -0.000000
   532   -0.000000    0.000000
   533    0.000000   -0.000000
   534   -0.000000    0.000000
   535    0.000000   -0.000000
   536   -0.000000    0.000000
   537    0.000000   -0.000000
   538    0.000000    0.000000
   539   -0.000000    0.000000
   540    0.000000   -0.000000
   541    0.000000    0.000000
   542   -0.000000   -0.000000
   543    0.000000    0.000000
   544   -0.000000   -0.000000
   545    0.000000    0.000000
   546   -0.000000   -0.000000
   547    0.000000    0.000000
   548   -0.000000   -0.000000
   549    0.000000    0.000000
   550   -0.000000   -0.000000
   551    0.000000    0.000000
   552   -0.000000   -0.000000
   553    0.000000    0.000000
   554   -0.000000   -0.000000
   555    0.000000    0.000000
   556   -0.000000   -0.000000
   557    0.000000    0.000000
   558   -0.000000   -0.000000
   559    0.000000    0.000000
   560   -0.000000   -0.000000
   561    0.000000    0.000000
   562   -0.000000   -0.000000
   563    0.000000    0.000000
   564   -0.000000    0.000000
   565    0.000000   -0.000000
   566   -0.000000    0.000000
   567    0.000000   -0.000000
   568    0.000000    0.000000
   569   -0.000000    0.000000
   570    0.000000    0.000000
   571   -0.000000   -0.000000
   572    0.000000    0.000000
   573   -0.000000   -0.000000
   574    0.000000    0.000000
   575   -0.000000   -0.000000
   576    0.000000    0.000000
   577   -0.000000   -0.000000
   578    0.000000    0.000000
   579   -0.000000   -0.000000
   580    0.000000    0.000000
   581   -0.000000   -0.000000
   582    0.000000   -0.000000
   583   -0.000000    0.000000
   584    0.000000   -0.000000
   585    0.000000    0.000000
   586   -0.000000   -0.000000
   587    0.000000    0.000000
   588   -0.000000    0.000000
   589    0.000000   -0.000000
   590    0.000000    0.000000
   591   -0.000000    0.000000
   592    0.000000   -0.000000
   593    0.000000    0.000000
   594   -0.000000   -0.000000
   595    0.000000    0.000000
   596   -0.000000   -0.000000
   597    0.000000   -0.000000
   598   -0.000000    0.000000
   599    0.000000   -0.000000
   600   -0.000000   -0.000000
   601    0.000000    0.000000
   602   -0.000000   -0.000000
   603    0.000000    0.000000
   604   -0.000000    0.000000
   605   -0.000000   -0.000000
   606    0.000000    0.000000
   607   -0.000000   -0.000000
   608    0.000000    0.000000
   609   -0.000000   -0.000000
   610    0.000000   -0.000000
   611   -0.000000    0.000000
   612   -0.000000   -0.000000
   613    0.000000    0.000000
   614   -0.000000   -0.000000
   615    0.000000    0.000000
   616   -0.000000   -0.000000
   617    0.000000   -0.000000
   618   -0.000000    0.000000
   619   -0.000000   -0.000000
   620    0.000000    0.000000
   621   -0.000000   -0.000000
   622    0.000000    0.000000
   623   -0.000000   -0.000000
   624    0.000000   -0.000000
   625   -0.000000   -0.000000
   626    0.000000   -0.000000
   627   -0.000000   -0.000000
   628    0.000000   -0.000000
   629   -0.000000   -0.000000
   630    0.000000    0.000000
   631   -0.000000   -0.000000
   632    0.000000    0.000000
   633   -0.000000   -0.000000
   634    0.000000    0.000000
   635   -0.000000   -0.000000
   636    0.000000    0.000000
   637   -0.000000   -0.000000
   638    0.000000    0.000000
   639   -0.000000   -0.000000
   640    0.000000   -0.000000
   641   -0.000000   -0.000000
   642    0.000000   -0.000000
   643   -0.000000   -0.000000
   644    0.000000   -0.000000
   645   -0.000000    0.000000
   646    0.000000   -0.000000
   647    0.000000    0.000000
   648   -0.000000   -0.000000
   649    0.000000   -0.000000
   650   -0.000000   -0.000000
   651    0.000000   -0.000000
   652   -0.000000   -0.000000
   653    0.000000   -0.000000
   654   -0.000000   -0.000000
   655    0.000000   -0.000000
   656   -0.000000   -0.000000
   657    0.000000   -0.000000
   658   -0.000000   -0.000000
   659    0.000000   -0.000000
   660   -0.000000   -0.000000
   661    0.000000   -0.000000
   662   -0.000000    0.000000
   663    0.000000   -0.000000
   664    0.000000    0.000000
   665    0.000000   -0.000000
   666    0.000000    0.000000
   667    0.000000    0.000000
   668    0.000000    0.000000
   669    0.000000    0.000000
   670    0.000000    0.000000
   671    0.000000    0.000000
   672    0.000000    0.000000
   673    0.000000    0.000000
   674    0.000000    0.000000
   675   -0.000000    0.000000
   676    0.000000    0.000000
   677   -0.000000    0.000000
   678    0.000000    0.000000
   679    0.000000    0.000000
   680    0.000000    0.000000
   681    0.000000    0.000000
   682    0.000000    0.000000
   683    0.000000    0.000000
   684    0.000000    0.000000
   685    0.000000    0.000000
   686    0.000000    0.000000
   687    0.000000    0.000000
   688    0.000000    0.000000
   689    0.000000    0.000000
   690    0.000000    0.000000
   691    0.000000    0.000000
   692    0.000000    0.000000
   693    0.000000    0.000000
   694    0.000000    0.000000
   695    0.000000    0.000000
   696    0.000000    0.000000
   697    0.000000    0.000000
   698    0.000000    0.000000
   699    0.000000    0.000000
   700    0.000000    0.000000
   701    0.000000    0.000000
   702   -0.000000    0.000000
   703    0.000000    0.000000
   704   -0.000000    0.000000
   705    0.000000    0.000000
   706   -0.000000    0.000000
   707   -0.000000    0.000000
   708   -0.000000    0.000000
   709   -0.000000    0.000000
   710   -0.000000    0.000000
   711   -0.000000    0.000000
   712   -0.000000    0.000000
   713   -0.000000    0.000000
   714   -0.000000    0.000000
   715   -0.000000    0.000000
   716   -0.000000    0.000000
   717   -0.000000    0.000000
   718   -0.000000    0.000000
   719   -0.000000    0.000000
   720   -0.000000    0.000000
   721   -0.000000    0.000000
   722   -0.000000    0.000000
   723   -0.000000    0.000000
   724   -0.000000    0.000000
   725   -0.000000    0.000000
   726   -0.000000    0.000000
   727   -0.000000    0.000000
   728   -0.000000    0.000000
   729   -0.000000    0.000000
   730   -0.000000    0.000000
   731   -0.000000    0.000000
   732   -0.000000    0.000000
   733   -0.000000    0.000000
   734   -0.000000    0.000000
   735   -0.000000    0.000000
   736   -0.000000    0.000000
   737   -0.000000    0.000000
   738   -0.000000    0.000000
   739   -0.000000    0.000000
   740   -0.000000    0.000000
   741   -0.000000    0.000000
   742   -0.000000    0.000000
   743   -0.000000    0.000000
   744   -0.000000    0.000000
   745   -0.000000    0.000000
   746   -0.000000   -0.000000
   747   -0.000000   -0.000000
   748   -0.000000   -0.000000
   749   -0.000000   -0.000000
   750   -0.000000   -0.000000
   751   -0.000000   -0.000000
   752   -0.000000   -0.000000
   753   -0.000000   -0.000000
   754   -0.000000   -0.000000
   755   -0.000000   -0.000000
   756   -0.000000   -0.000000
   757   -0.000000   -0.000000
   758   -0.000000   -0.000000
   759   -0.000000   -0.000000
   760   -0.000000   -0.000000
   761   -0.000000   -0.000000
   762   -0.000000   -0.000000
   763   -0.000000   -0.000000
   764   -0.000000   -0.000000
   765   -0.000000   -0.000000
   766   -0.000000   -0.000000
   767   -0.000000   -0.000000
   768   -0.000000   -0.000000
   769   -0.000000   -0.000000
   770   -0.000000   -0.000000
   771   -0.000000   -0.000000
   772   -0.000000   -0.000000
   773   -0.000000   -0.000000
   774   -0.000000   -0.000000
   775   -0.000000   -0.000000
   776   -0.000000   -0.000000
   777   -0.000000   -0.000000
   778   -0.000000   -0.000000
   779   -0.000000   -0.000000
   780   -0.000000   -0.000000
   781   -0.000000   -0.000000
   782   -0.000000   -0.000000
   783   -0.000000   -0.000000
   784   -0.000000   -0.000000
   785   -0.000000   -0.000000
   786   -0.000000   -0.000000
   787   -0.000000   -0.000000
   788   -0.000000   -0.000000
   789   -0.000000   -0.000000
   790   -0.000000   -0.000000
   791   -0.000000   -0.000000
   792   -0.000000   -0.000000
   793   -0.000000   -0.000000
   794   -0.000000   -0.000000
   795   -0.000000   -0.000000
   796   -0.000000   -0.000000
   797   -0.000000   -0.000000
   798   -0.000000   -0.000000
   799   -0.000000   -0.000000
   800   -0.000000   -0.000000
   801    0.000000   -0.000000
   802    0.000000   -0.000000
   803    0.000000   -0.000000
   804    0.000000   -0.000000
   805    0.000000   -0.000000
   806    0.000000   -0.000000
   807    0.000000   -0.000000
   808    0.000000   -0.000000
   809    0.000000   -0.000000
   810    0.000000   -0.000000
   811    0.000000   -0.000000
   812    0.000000   -0.000000
   813    0.000000   -0.000000
   814    0.000000   -0.000000
   815    0.000000   -0.000000
   816    0.000000   -0.000000
   817    0.000000   -0.000000
   818    0.000000   -0.000000
   819    0.000000   -0.000000
   820    0.000000   -0.000000
   821    0.000000   -0.000000
   822    0.000000   -0.000000
   823    0.000000   -0.000000
   824    0.000000   -0.000000
   825    0.000000   -0.000000
   826    0.000000   -0.000000
   827    0.000000   -0.000000
   828    0.000000   -0.000000
   829    0.000000   -0.000000
   830    0.000000   -0.000000
   831    0.000000   -0.000000
   832    0.000000   -0.000000
   833    0.000000   -0.000000
   834    0.000000   -0.000000
   835    0.000000   -0.000000
   836    0.000000   -0.000000
   837    0.000000   -0.000000
   838    0.000000   -0.000000
   839    0.000000   -0.000000
   840    0.000000   -0.000000
   841    0.000000   -0.000000
   842    0.000000   -0.000000
   843    0.000000   -0.000000
   844    0.000000   -0.000000
   845    0.000000   -0.000000
   846    0.000000   -0.000000
   847    0.000000   -0.000000
   848    0.000000   -0.000000
   849    0.000000   -0.000000
   850    0.000000   -0.000000
   851    0.000000   -0.000000
   852    0.000000   -0.000000
   853    0.000000   -0.000000
   854    0.000000   -0.000000
   855    0.000000   -0.000000
   856    0.000000   -0.000000
   857    0.000000   -0.000000
   858    0.000000   -0.000000
   859    0.000000   -0.000000
   860    0.000000   -0.000000
   861    0.000000   -0.000000
   862    0.000000   -0.000000
   863    0.000000   -0.000000
   864    0.000000   -0.000000
   865    0.000000   -0.000000
   866    0.000000   -0.000000
   867    0.000000   -0.000000
   868    0.000000   -0.000000
   869    0.000000   -0.000000
   870    0.000000   -0.000000
   871    0.000000   -0.000000
   872    0.000000   -0.000000
   873    0.000000   -0.000000
   874    0.000000   -0.000000
   875    0.000000   -0.000000
   876    0.000000    0.000000
   877    0.000000    0.000000
   878    0.000000    0.000000
   879    0.000000    0.000000
   880    0.000000    0.000000
   881    0.000000    0.000000
   882    0.000000    0.000000
   883    0.000000    0.000000
   884    0.000000    0.000000
   885    0.000000    0.000000
   886    0.000000    0.000000
   887    0.000000    0.000000
   888    0.000000    0.000000
   889    0.000000    0.000000
   890    0.000000    0.000000
   891    0.000000    0.000000
   892    0.000000    0.000000
   893    0.000000    0.000000
   894    0.000000    0.000000
   895    0.000000    0.000000
   896    0.000000    0.000000
   897    0.000000    0.000000
   898    0.000000    0.000000
   899    0.000000    0.000000
   900    0.000000    0.000000
   901    0.000000    0.000000
   902    0.000000    0.000000
   903    0.000000    0.000000
   904    0.000000    0.000000
   905    0.000000    0.000000
   906    0.000000    0.000000
   907    0.000000    0.000000
   908    0.000000    0.000000
   909    0.000000    0.000000
   910    0.000000    0.000000
   911    0.000000    0.000000
   912    0.000000    0.000000
   913    0.000000    0.000000
   914    0.000000    0.000000
   915    0.000000    0.000000
   916    0.000000    0.000000
   917    0.000000    0.000000
   918    0.000000    0.000000
   919    0.000000    0.000000
   920    0.000000    0.000000
   921    0.000000    0.000000
   922    0.000000    0.000000
   923    0.000000    0.000000
   924    0.000000    0.000000
   925    0.000000    0.000000
   926    0.000000    0.000000
   927    0.000000    0.000000
   928    0.000000    0.000000
   929    0.000000    0.000000
   930    0.000000    0.000000
   931    0.000000    0.000000
   932    0.000000    0.000000
   933    0.000000    0.000000
   934    0.000000    0.000000
   935    0.000000    0.000000
   936    0.000000    0.000000
   937    0.000000    0.000000
   938    0.000000    0.000000
   939    0.000000    0.000000
   940    0.000000    0.000000
   941    0.000000    0.000000
   942    0.000000    0.000000
   943    0.000000    0.000000
   944    0.000000    0.000000
   945    0.000000    0.000000
   946    0.000000    0.000000
   947    0.000000    0.000000
   948    0.000000    0.000000
   949    0.000000    0.000000
   950    0.000000    0.000000
   951    0.000000    0.000000
   952    0.000000    0.000000
   953    0.000000    0.000000
   954    0.000000    0.000000
   955    0.000000    0.000000
   956    0.000000    0.000000
   957    0.000000    0.000000
   958    0.000000    0.000000
   959    0.000000    0.000000
   960    0.000000    0.000000
   961    0.000000    0.000000
   962    0.000000    0.000000
   963    0.000000    0.000000
   964    0.000000    0.000000
   965    0.000000    0.000000
   966    0.000000    0.000000
   967    0.000000    0.000000
   968    0.000000    0.000000
   969    0.000000    0.000000
   970    0.000000    0.000000
   971    0.000000    0.000000
   972    0.000000    0.000000
   973    0.000000    0.000000
   974    0.000000    0.000000
   975    0.000000    0.000000
   976    0.000000    0.000000
   977    0.000000    0.000000
   978    0.000000    0.000000
   979    0.000000    0.000000
   980    0.000000    0.000000
   981    0.000000    0.000000
   982    0.000000    0.000000
   983    0.000000    0.000000
   984    0.000000    0.000000
   985    0.000000    0.000000
   986    0.000000    0.000000
   987    0.000000    0.000000
   988    0.000000    0.000000
   989    0.000000    0.000000
   990    0.000000    0.000000
   991    0.000000    0.000000
   992   -0.000000    0.000000
   993   -0.000000    0.000000
   994   -0.000000    0.000000
   995   -0.000000    0.000000
   996   -0.000000    0.000000
   997    0.000000    0.000000
   998   -0.000000    0.000000
   999    0.000000    0.000000
  1000    0.000000    0.000000
