     1    0.000000    0.000000
     2    0.000000   -0.000000
     3   -0.000000    0.000000
     4    0.000000   -0.000000
     5   -0.000000    0.000000
     6    0.000000   -0.000000
     7    0.000000    0.000000
     8   -0.000000   -0.000000
     9    0.000000    0.000000
    10   -0.000000   -0.000000
    11    0.000000    0.000000
    12   -0.000000   -0.000000
    13    0.000000    0.000000
    14   -0.000000   -0.000000
    15    0.000000    0.000000
    16   -0.000000   -0.000000
    17    0.000000    0.000000
    18    0.000000   -0.000000
    19    0.000000    0.000000
    20    0.000000    0.000000
    21    0.000000    0.000000
    22    0.000000    0.000000
    23    0.000000   -0.000000
    24    0.000000    0.000000
    25    0.000000   -0.000000
    26    0.000000    0.000000
    27    0.000000   -0.000000
    28    0.000000    0.000000
    29    0.000000    0.000000
    30    0.000000    0.000000
    31    0.000000    0.000000
    32    0.000000   -0.000000
    33    0.000000    0.000000
    34    0.000000   -0.000000
    35    0.000000    0.000000
    36    0.000000   -0.000000
    37    0.000000    0.000000
    38    0.000000    0.000000
    39    0.000000   -0.000000
    40    0.000000    0.000000
    41    0.000000   -0.000000
    42    0.000000    0.000000
    43    0.000000   -0.000000
    44    0.000000    0.000000
    45    0.000000   -0.000000
    46    0.000000   -0.000000
    47    0.000000    0.000000
    48    0.000000   -0.000000
    49    0.000000    0.000000
    50    0.000000   -0.000000
    51    0.000000    0.000000
    52    0.000000   -0.000000
    53    0.000000    0.000000
    54    0.000000   -0.000000
    55    0.000000    0.000000
    56    0.000000   -0.000000
    57    0.000000   -0.000000
    58    0.000000    0.000000
    59    0.000000   -0.000000
    60   -0.000000    0.000000
    61    0.000000   -0.000000
    62   -0.000000   -0.000000
    63    0.000000    0.000000
    64   -0.000000   -0.000000
    65    0.000000    0.000000
    66    0.000000   -0.000000
    67   -0.000000    0.000000
    68    0.000000   -0.000000
    69   -0.000000    0.000000
    70   -0.000000   -0.000000
    71   -0.000000    0.000000
    72   -0.000000   -0.000000
    73   -0.000000    0.000000
    74   -0.000000   -0.000000
    75   -0.000000    0.000000
    76   -0.000000   -0.000000
    77   -0.000000   -0.000000
    78   -0.000000   -0.000000
    79   -0.000000   -0.000000
    80   -0.000000    0.000000
    81   -0.000000   -0.000000
    82   -0.000000    0.000000
    83   -0.000000   -0.000000
    84   -0.000000    0.000000
    85   -0.000000   -0.000000
    86   -0.000000    0.000000
    87   -0.000000   -0.000000
    88   -0.000000    0.000000
    89   -0.000000   -0.000000
    90   -0.000000    0.000000
    91   -0.000000   -0.000000
    92   -0.000000    0.000000
    93   -0.000000   -0.000000
    94   -0.000000    0.000000
    95   -0.000000   -0.000000
    96   -0.000000    0.000000
    97   -0.000000   -0.000000
    98   -0.000000    0.000000
    99   -0.000000   -0.000000
   100   -0.000000    0.000000
   101   -0.000000   -0.000000
   102   -0.000000    0.000000
   103   -0.000000   -0.000000
   104   -0.000000    0.000000
   105   -0.000000   -0.000000
   106   -0.000000    0.000000
   107   -0.000000   -0.000000
   108   -0.000000    0.000000
   109   -0.000000   -0.000000
   110   -0.000000   -0.000000
   111   -0.000000    0.000000
   112   -0.000000   -0.000000
   113   -0.000000    0.000000
   114   -0.000000   -0.000000
   115   -0.000000    0.000000
   116   -0.000000    0.000000
   117   -0.000000    0.000000
   118   -0.000000   -0.000000
   119   -0.000000    0.000000
   120   -0.000000   -0.000000
   121   -0.000000    0.000000
   122   -0.000000   -0.000000
   123   -0.000000    0.000000
   124   -0.000000    0.000000
   125   -0.000000   -0.000000
   126   -0.000000    0.000001
   127   -0.000000   -0.000001
   128   -0.000000    0.000002
   129   -0.000000   -0.000001
   130   -0.000001    0.000002
   131   -0.000000    0.000000
   132   -0.000001    0.000001
   133   -0.000001    0.000002
   134   -0.000000    0.000001
   135   -0.000001    0.000002
   136   -0.000001    0.000005
   137   -0.000001   -0.000000
   138   -0.000002    0.000011
   139    0.000000    0.000001
   140   -0.000003    0.000010
   141    0.000001    0.000016
   142   -0.000004   -0.000009
   143   -0.000000    0.000057
   144    0.000000   -0.000049
   145   -0.000006    0.000114
   146    0.000008   -0.000082
   147   -0.000009    0.000147
   148    0.000011   -0.000060
   149    0.000001    0.000123
   150    0.000003    0.000016
   151    0.000022    0.000100
   152    0.000004    0.000050
   153    0.000028    0.000176
   154    0.000036    0.000004
   155    0.000024    0.000313
   156    0.000074    0.000000
   157    0.000057    0.000370
   158    0.000092    0.000130
   159    0.000127    0.000381
   160    0.000143    0.000276
   161    0.000175    0.000475
   162    0.000277    0.000455
   163    0.000241    0.000448
   164    0.000404    0.001022
   165    0.000472    0.000040
   166    0.000451    0.001917
   167    0.000852   -0.000145
   168    0.000648    0.002129
   169    0.001084    0.000920
   170    0.001294    0.001320
   171    0.001198    0.002441
   172    0.002051    0.001441
   173    0.001876    0.002151
   174    0.002425    0.003911
   175    0.003214    0.000543
   176    0.003083    0.006394
   177    0.004316    0.000672
   178    0.004839    0.007037
   179    0.005259    0.001891
   180    0.007008    0.009083
   181    0.007262   -0.000117
   182    0.008847    0.015868
   183    0.010683   -0.005900
   184    0.010851    0.024600
   185    0.014914   -0.009850
   186    0.014146    0.028382
   187    0.019013   -0.005794
   188    0.019915    0.024136
   189    0.022805    0.004255
   190    0.027464    0.019505
   191    0.028761    0.008987
   192    0.034195    0.024863
   193    0.038982    0.004346
   194    0.040672    0.034280
   195    0.051111    0.005574
   196    0.050861    0.027874
   197    0.062227    0.029938
   198    0.066503   -0.002951
   199    0.073158    0.074020
   200    0.085591   -0.044049
   201    0.087317    0.117033
   202    0.105652   -0.074219
   203    0.105990    0.141583
   204    0.127849   -0.081519
   205    0.127943    0.138662
   206    0.152230   -0.057928
   207    0.155987    0.101597
   208    0.175793   -0.003672
   209    0.190643    0.042422
   210    0.202693    0.056663
   211    0.225883   -0.009519
   212    0.236485    0.098584
   213    0.263366   -0.040464
   214    0.272981    0.115540
   215    0.304190   -0.045134
   216    0.316207    0.101763
   217    0.342878   -0.024476
   218    0.365559    0.072221
   219    0.387180   -0.005880
   220    0.411242    0.052735
   221    0.438619    0.001123
   222    0.461166    0.034761
   223    0.485293    0.007945
   224    0.518395    0.023641
   225    0.534994   -0.013275
   226    0.568611    0.055604
   227    0.594650   -0.083147
   228    0.614822    0.121893
   229    0.653222   -0.167491
   230    0.663918    0.179939
   231    0.708794   -0.228483
   232    0.712991    0.201357
   233    0.759925   -0.244324
   234    0.765387    0.173070
   235    0.802021   -0.216227
   236    0.818242    0.117366
   237    0.842463   -0.182277
   238    0.860588    0.073987
   239    0.885499   -0.164301
   240    0.895202    0.039224
   241    0.920183   -0.139140
   242    0.930662   -0.009365
   243    0.944045   -0.101200
   244    0.959408   -0.055746
   245    0.966225   -0.075323
   246    0.975889   -0.082508
   247    0.983100   -0.061355
   248    0.987610   -0.101568
   249    0.988519   -0.048590
   250    0.993429   -0.111658
   251    0.988561   -0.048400
   252    0.987536   -0.101887
   253    0.983191   -0.061002
   254    0.975800   -0.082814
   255    0.966299   -0.075104
   256    0.959356   -0.055875
   257    0.944076   -0.101136
   258    0.930647   -0.009391
   259    0.920189   -0.139131
   260    0.895200    0.039222
   261    0.885500   -0.164300
   262    0.860587    0.073987
   263    0.842463   -0.182277
   264    0.818241    0.117366
   265    0.802024   -0.216224
   266    0.765375    0.173054
   267    0.759964   -0.244253
   268    0.712889    0.201099
   269    0.709004   -0.227709
   270    0.663587    0.177999
   271    0.653585   -0.163365
   272    0.614661    0.114352
   273    0.594290   -0.071197
   274    0.569716    0.039075
   275    0.533215    0.006771
   276    0.520440    0.002268
   277    0.483535    0.027995
   278    0.462239    0.018225
   279    0.438293    0.013079
   280    0.411053    0.045191
   281    0.387562   -0.001753
   282    0.365217    0.070282
   283    0.343093   -0.023702
   284    0.316104    0.101505
   285    0.304226   -0.045068
   286    0.272980    0.115542
   287    0.263340   -0.040528
   288    0.236545    0.098785
   289    0.225780   -0.010027
   290    0.202824    0.057749
   291    0.190535    0.040428
   292    0.175802   -0.000503
   293    0.156135    0.097204
   294    0.151929   -0.052598
   295    0.128314    0.132998
   296    0.127525   -0.076273
   297    0.106180    0.137424
   298    0.105615   -0.071557
   299    0.087231    0.115970
   300    0.085764   -0.044440
   301    0.072922    0.075555
   302    0.066780   -0.005227
   303    0.061951    0.032512
   304    0.051083    0.025415
   305    0.050979    0.007614
   306    0.040712    0.032807
   307    0.039000    0.005256
   308    0.034162    0.024424
   309    0.028782    0.009052
   310    0.027456    0.019762
   311    0.022816    0.003683
   312    0.019878    0.025025
   313    0.019088   -0.006963
   314    0.014044    0.029729
   315    0.015020   -0.011223
   316    0.010768    0.025840
   317    0.010729   -0.006887
   318    0.008837    0.016554
   319    0.007248   -0.000524
   320    0.007032    0.009276
   321    0.005238    0.001833
   322    0.004852    0.007026
   323    0.004311    0.000709
   324    0.003083    0.006350
   325    0.003214    0.000589
   326    0.002426    0.003864
   327    0.001873    0.002197
   328    0.002052    0.001399
   329    0.001198    0.002477
   330    0.001293    0.001288
   331    0.001084    0.000952
   332    0.000649    0.002096
   333    0.000849   -0.000111
   334    0.000454    0.001885
   335    0.000470    0.000064
   336    0.000404    0.001009
   337    0.000242    0.000450
   338    0.000274    0.000462
   339    0.000177    0.000462
   340    0.000142    0.000289
   341    0.000128    0.000369
   342    0.000091    0.000139
   343    0.000057    0.000364
   344    0.000074    0.000002
   345    0.000024    0.000314
   346    0.000037   -0.000000
   347    0.000027    0.000182
   348    0.000005    0.000045
   349    0.000021    0.000105
   350    0.000003    0.000012
   351    0.000001    0.000125
   352    0.000011   -0.000061
   353   -0.000009    0.000147
   354    0.000008   -0.000081
   355   -0.000005    0.000113
   356    0.000000   -0.000048
   357   -0.000000    0.000056
   358   -0.000004   -0.000009
   359    0.000001    0.000016
   360   -0.000003    0.000009
   361   -0.000000    0.000001
   362   -0.000002    0.000010
   363   -0.000001    0.000000
   364   -0.000001    0.000005
   365   -0.000001    0.000002
   366   -0.000000    0.000001
   367   -0.000001    0.000002
   368   -0.000001    0.000001
   369   -0.000000    0.000000
   370   -0.000001    0.000002
   371   -0.000000   -0.000001
   372   -0.000000    0.000002
   373   -0.000000   -0.000001
   374   -0.000000    0.000001
   375   -0.000000   -0.000000
   376   -0.000000    0.000000
   377   -0.000000    0.000000
   378   -0.000000   -0.000000
   379   -0.000000    0.000000
   380   -0.000000   -0.000000
   381   -0.000000    0.000000
   382   -0.000000   -0.000000
   383   -0.000000    0.000000
   384   -0.000000    0.000000
   385   -0.000000    0.000000
   386   -0.000000   -0.000000
   387   -0.000000    0.000000
   388   -0.000000   -0.000000
   389   -0.000000    0.000000
   390   -0.000000   -0.000000
   391   -0.000000   -0.000000
   392   -0.000000    0.000000
   393   -0.000000   -0.000000
   394   -0.000000    0.000000
   395   -0.000000   -0.000000
   396   -0.000000    0.000000
   397   -0.000000   -0.000000
   398   -0.000000    0.000000
   399   -0.000000   -0.000000
   400   -0.000000    0.000000
   401   -0.000000   -0.000000
   402   -0.000000    0.000000
   403   -0.000000   -0.000000
   404   -0.000000    0.000000
   405   -0.000000   -0.000000
   406   -0.000000    0.000000
   407   -0.000000   -0.000000
   408   -0.000000    0.000000
   409   -0.000000   -0.000000
   410   -0.000000    0.000000
   411   -0.000000   -0.000000
   412   -0.000000    0.000000
   413   -0.000000   -0.000000
   414   -0.000000    0.000000
   415   -0.000000   -0.000000
   416   -0.000000    0.000000
   417   -0.000000   -0.000000
   418   -0.000000    0.000000
   419   -0.000000   -0.000000
   420   -0.000000    0.000000
   421   -0.000000   -0.000000
   422   -0.000000   -0.000000
   423   -0.000000   -0.000000
   424   -0.000000   -0.000000
   425   -0.000000    0.000000
   426   -0.000000   -0.000000
   427   -0.000000    0.000000
   428   -0.000000   -0.000000
   429   -0.000000    0.000000
   430   -0.000000   -0.000000
   431   -0.000000    0.000000
   432    0.000000   -0.000000
   433   -0.000000    0.000000
   434    0.000000   -0.000000
   435    0.000000    0.000000
   436   -0.000000   -0.000000
   437    0.000000    0.000000
   438   -0.000000   -0.000000
   439    0.000000   -0.000000
   440   -0.000000    0.000000
   441    0.000000   -0.000000
   442    0.000000    0.000000
   443    0.000000   -0.000000
   444    0.000000   -0.000000
   445    0.000000    0.000000
   446    0.000000   -0.000000
   447    0.000000    0.000000
   448    0.000000   -0.000000
   449    0.000000    0.000000
   450    0.000000   -0.000000
   451    0.000000    0.000000
   452    0.000000   -0.000000
   453    0.000000    0.000000
   454    0.000000   -0.000000
   455    0.000000   -0.000000
   456    0.000000    0.000000
   457    0.000000   -0.000000
   458    0.000000    0.000000
   459    0.000000   -0.000000
   460    0.000000    0.000000
   461    0.000000   -0.000000
   462    0.000000    0.000000
   463    0.000000    0.000000
   464    0.000000   -0.000000
   465   -0.000000    0.000000
   466    0.000000    0.000000
   467   -0.000000   -0.000000
   468    0.000000    0.000000
   469   -0.000000   -0.000000
   470    0.000000    0.000000
   471   -0.000000   -0.000000
   472    0.000000    0.000000
   473   -0.000000   -0.000000
   474    0.000000    0.000000
   475   -0.000000   -0.000000
   476    0.000000    0.000000
   477    0.000000   -0.000000
   478   -0.000000    0.000000
   479    0.000000   -0.000000
   480   -0.000000    0.000000
   481    0.000000   -0.000000
   482   -0.000000    0.000000
   483   -0.000000   -0.000000
   484    0.000000    0.000000
   485   -0.000000   -0.000000
   486    0.000000    0.000000
   487   -0.000000   -0.000000
   488    0.000000    0.000000
   489   -0.000000   -0.000000
   490    0.000000    0.000000
   491   -0.000000   -0.000000
   492    0.000000    0.000000
   493   -0.000000   -0.000000
   494    0.000000   -0.000000
   495    0.000000    0.000000
   496    0.000000   -0.000000
   497    0.000000    0.000000
   498    0.000000   -0.000000
   499    0.000000    0.000000
   500   -0.000000   -0.000000
   501    0.000000    0.000000
   502   -0.000000    0.000000
   503    0.000000    0.000000
   504   -0.000000    0.000000
   505   -0.000000   -0.000000
   506   -0.000000    0.000000
   507   -0.000000   -0.000000
   508    0.000000    0.000000
   509   -0.000000   -0.000000
   510    0.000000    0.000000
   511   -0.000000   -0.000000
   512    0.000000    0.000000
   513   -0.000000   -0.000000
   514    0.000000    0.000000
   515   -0.000000   -0.000000
   516    0.000000    0.000000
   517   -0.000000   -0.000000
   518   -0.000000    0.000000
   519    0.000000   -0.000000
   520   -0.000000    0.000000
   521    0.000000   -0.000000
   522   -0.000000    0.000000
   523    0.000000   -0.000000
   524    0.000000    0.000000
   525   -0.000000   -0.000000
   526    0.000000    0.000000
   527   -0.000000   -0.000000
   528    0.000000    0.000000
   529   -0.000000   -0.000000
   530    0.000000    0.000000
   531   -0.000000   -0.000000
   532    0.000000    0.000000
   533   -0.000000   -0.000000
   534    0.000000    0.000000
   535   -0.000000    0.000000
   536   -0.000000   -0.000000
   537   -0.000000   -0.000000
   538   -0.000000   -0.000000
   539   -0.000000   -0.000000
   540   -0.000000   -0.000000
   541   -0.000000   -0.000000
   542   -0.000000   -0.000000
   543   -0.000000   -0.000000
   544   -0.000000   -0.000000
   545   -0.000000   -0.000000
   546   -0.000000   -0.000000
   547   -0.000000   -0.000000
   548   -0.000000   -0.000000
   549   -0.000000   -0.000000
   550   -0.000000   -0.000000
   551   -0.000000   -0.000000
   552   -0.000000    0.000000
   553   -0.000000   -0.000000
   554    0.000000    0.000000
   555   -0.000000   -0.000000
   556    0.000000   -0.000000
   557   -0.000000   -0.000000
   558    0.000000   -0.000000
   559    0.000000   -0.000000
   560    0.000000   -0.000000
   561    0.000000   -0.000000
   562    0.000000   -0.000000
   563    0.000000   -0.000000
   564    0.000000   -0.000000
   565    0.000000   -0.000000
   566    0.000000   -0.000000
   567    0.000000   -0.000000
   568    0.000000   -0.000000
   569    0.000000   -0.000000
   570    0.000000   -0.000000
   571    0.000000   -0.000000
   572    0.000000   -0.000000
   573    0.000000   -0.000000
   574    0.000000   -0.000000
   575    0.000000   -0.000000
   576    0.000000   -0.000000
   577    0.000000   -0.000000
   578    0.000000   -0.000000
   579    0.000000   -0.000000
   580    0.000000   -0.000000
   581    0.000000   -0.000000
   582    0.000000   -0.000000
   583    0.000000   -0.000000
   584    0.000000   -0.000000
   585    0.000000   -0.000000
   586    0.000000    0.000000
   587    0.000000    0.000000
   588    0.000000    0.000000
   589    0.000000    0.000000
   590    0.000000    0.000000
   591    0.000000    0.000000
   592    0.000000    0.000000
   593    0.000000    0.000000
   594    0.000000    0.000000
   595    0.000000    0.000000
   596    0.000000    0.000000
   597    0.000000    0.000000
   598    0.000000    0.000000
   599    0.000000    0.000000
   600    0.000000    0.000000
   601    0.000000    0.000000
   602    0.000000    0.000000
   603    0.000000    0.000000
   604    0.000000    0.000000
   605    0.000000    0.000000
   606    0.000000    0.000000
   607    0.000000    0.000000
   608    0.000000    0.000000
   609    0.000000    0.000000
   610    0.000000    0.000000
   611    0.000000    0.000000
   612    0.000000    0.000000
   613    0.000000    0.000000
   614    0.000000    0.000000
   615    0.000000    0.000000
   616    0.000000    0.000000
   617    0.000000    0.000000
   618    0.000000    0.000000
   619    0.000000    0.000000
   620   -0.000000    0.000000
   621   -0.000000    0.000000
   622   -0.000000    0.000000
   623   -0.000000    0.000000
   624   -0.000000    0.000000
   625   -0.000000    0.000000
   626   -0.000000    0.000000
   627   -0.000000    0.000000
   628   -0.000000    0.000000
   629   -0.000000    0.000000
   630   -0.000000    0.000000
   631   -0.000000    0.000000
   632   -0.000000    0.000000
   633   -0.000000    0.000000
   634   -0.000000    0.000000
   635   -0.000000    0.000000
   636   -0.000000    0.000000
   637   -0.000000    0.000000
   638   -0.000000    0.000000
   639   -0.000000    0.000000
   640   -0.000000    0.000000
   641   -0.000000    0.000000
   642   -0.000000    0.000000
   643   -0.000000    0.000000
   644   -0.000000    0.000000
   645   -0.000000    0.000000
   646   -0.000000    0.000000
   647   -0.000000    0.000000
   648   -0.000000    0.000000
   649   -0.000000    0.000000
   650   -0.000000    0.000000
   651   -0.000000    0.000000
   652   -0.000000    0.000000
   653   -0.000000    0.000000
   654   -0.000000    0.000000
   655   -0.000000    0.000000
   656   -0.000000    0.000000
   657   -0.000000   -0.000000
   658   -0.000000   -0.000000
   659   -0.000000   -0.000000
   660   -0.000000   -0.000000
   661   -0.000000   -0.000000
   662   -0.000000   -0.000000
   663   -0.000000   -0.000000
   664   -0.000000   -0.000000
   665   -0.000000   -0.000000
   666   -0.000000   -0.000000
   667   -0.000000   -0.000000
   668   -0.000000   -0.000000
   669   -0.000000   -0.000000
   670   -0.000000   -0.000000
   671   -0.000000   -0.000000
   672   -0.000000   -0.000000
   673   -0.000000   -0.000000
   674   -0.000000   -0.000000
   675   -0.000000   -0.000000
   676   -0.000000   -0.000000
   677   -0.000000   -0.000000
   678   -0.000000   -0.000000
   679   -0.000000   -0.000000
   680   -0.000000   -0.000000
   681   -0.000000   -0.000000
   682   -0.000000   -0.000000
   683   -0.000000   -0.000000
   684   -0.000000   -0.000000
   685   -0.000000   -0.000000
   686   -0.000000   -0.000000
   687   -0.000000   -0.000000
   688   -0.000000   -0.000000
   689   -0.000000   -0.000000
   690   -0.000000   -0.000000
   691   -0.000000   -0.000000
   692   -0.000000   -0.000000
   693   -0.000000   -0.000000
   694   -0.000000   -0.000000
   695   -0.000000   -0.000000
   696   -0.000000   -0.000000
   697   -0.000000   -0.000000
   698   -0.000000   -0.000000
   699   -0.000000   -0.000000
   700    0.000000   -0.000000
   701    0.000000   -0.000000
   702    0.000000   -0.000000
   703    0.000000   -0.000000
   704    0.000000   -0.000000
   705    0.000000   -0.000000
   706    0.000000   -0.000000
   707    0.000000   -0.000000
   708    0.000000   -0.000000
   709    0.000000   -0.000000
   710    0.000000   -0.000000
   711    0.000000   -0.000000
   712    0.000000   -0.000000
   713    0.000000   -0.000000
   714    0.000000   -0.000000
   715    0.000000   -0.000000
   716    0.000000   -0.000000
   717    0.000000   -0.000000
   718    0.000000   -0.000000
   719    0.000000   -0.000000
   720    0.000000   -0.000000
   721    0.000000   -0.000000
   722    0.000000   -0.000000
   723    0.000000   -0.000000
   724    0.000000   -0.000000
   725    0.000000   -0.000000
   726    0.000000   -0.000000
   727    0.000000   -0.000000
   728    0.000000   -0.000000
   729    0.000000   -0.000000
   730    0.000000   -0.000000
   731    0.000000   -0.000000
   732    0.000000   -0.000000
   733    0.000000   -0.000000
   734    0.000000   -0.000000
   735    0.000000   -0.000000
   736    0.000000   -0.000000
   737    0.000000   -0.000000
   738    0.000000   -0.000000
   739    0.000000   -0.000000
   740    0.000000   -0.000000
   741    0.000000   -0.000000
   742    0.000000   -0.000000
   743    0.000000   -0.000000
   744    0.000000   -0.000000
   745    0.000000   -0.000000
   746    0.000000   -0.000000
   747    0.000000   -0.000000
   748    0.000000   -0.000000
   749    0.000000   -0.000000
   750    0.000000   -0.000000
   751    0.000000   -0.000000
   752    0.000000   -0.000000
   753    0.000000    0.000000
   754    0.000000    0.000000
   755    0.000000    0.000000
   756    0.000000    0.000000
   757    0.000000    0.000000
   758    0.000000    0.000000
   759    0.000000    0.000000
   760    0.000000    0.000000
   761    0.000000    0.000000
   762    0.000000    0.000000
   763    0.000000    0.000000
   764    0.000000    0.000000
   765    0.000000    0.000000
   766    0.000000    0.000000
   767    0.000000    0.000000
   768    0.000000    0.000000
   769    0.000000    0.000000
   770    0.000000    0.000000
   771    0.000000    0.000000
   772    0.000000    0.000000
   773    0.000000    0.000000
   774    0.000000    0.000000
   775    0.000000    0.000000
   776    0.000000    0.000000
   777    0.000000    0.000000
   778    0.000000    0.000000
   779    0.000000    0.000000
   780    0.000000    0.000000
   781    0.000000    0.000000
   782    0.000000    0.000000
   783    0.000000    0.000000
   784    0.000000    0.000000
   785    0.000000    0.000000
   786    0.000000    0.000000
   787    0.000000    0.000000
   788    0.000000    0.000000
   789    0.000000    0.000000
   790    0.000000    0.000000
   791    0.000000    0.000000
   792    0.000000    0.000000
   793    0.000000    0.000000
   794    0.000000    0.000000
   795    0.000000    0.000000
   796    0.000000    0.000000
   797    0.000000    0.000000
   798    0.000000    0.000000
   799    0.000000    0.000000
   800    0.000000    0.000000
   801    0.000000    0.000000
   802    0.000000    0.000000
   803    0.000000    0.000000
   804    0.000000    0.000000
   805    0.000000    0.000000
   806    0.000000    0.000000
   807    0.000000    0.000000
   808    0.000000    0.000000
   809    0.000000    0.000000
   810    0.000000    0.000000
   811    0.000000    0.000000
   812    0.000000    0.000000
   813    0.000000    0.000000
   814    0.000000    0.000000
   815    0.000000    0.000000
   816    0.000000    0.000000
   817    0.000000    0.000000
   818    0.000000    0.000000
   819    0.000000    0.000000
   820    0.000000    0.000000
   821    0.000000    0.000000
   822    0.000000    0.000000
   823    0.000000    0.000000
   824    0.000000    0.000000
   825   -0.000000    0.000000
   826   -0.000000    0.000000
   827   -0.000000    0.000000
   828   -0.000000    0.000000
   829   -0.000000    0.000000
   830   -0.000000    0.000000
   831   -0.000000    0.000000
   832   -0.000000    0.000000
   833   -0.000000    0.000000
   834   -0.000000    0.000000
   835   -0.000000    0.000000
   836   -0.000000    0.000000
   837   -0.000000    0.000000
   838   -0.000000    0.000000
   839   -0.000000    0.000000
   840   -0.000000    0.000000
   841   -0.000000    0.000000
   842   -0.000000    0.000000
   843   -0.000000    0.000000
   844   -0.000000    0.000000
   845   -0.000000    0.000000
   846   -0.000000    0.000000
   847   -0.000000    0.000000
   848   -0.000000    0.000000
   849   -0.000000    0.000000
   850   -0.000000    0.000000
   851   -0.000000    0.000000
   852   -0.000000    0.000000
   853   -0.000000    0.000000
   854   -0.000000    0.000000
   855   -0.000000    0.000000
   856   -0.000000    0.000000
   857   -0.000000    0.000000
   858   -0.000000    0.000000
   859   -0.000000    0.000000
   860   -0.000000    0.000000
   861   -0.000000    0.000000
   862   -0.000000    0.000000
   863   -0.000000    0.000000
   864   -0.000000    0.000000
   865   -0.000000    0.000000
   866   -0.000000    0.000000
   867   -0.000000    0.000000
   868   -0.000000    0.000000
   869   -0.000000    0.000000
   870   -0.000000    0.000000
   871   -0.000000    0.000000
   872   -0.000000    0.000000
   873   -0.000000    0.000000
   874   -0.000000    0.000000
   875   -0.000000    0.000000
   876   -0.000000    0.000000
   877   -0.000000    0.000000
   878   -0.000000    0.000000
   879   -0.000000    0.000000
   880   -0.000000    0.000000
   881   -0.000000    0.000000
   882   -0.000000    0.000000
   883   -0.000000    0.000000
   884   -0.000000    0.000000
   885   -0.000000    0.000000
   886   -0.000000    0.000000
   887   -0.000000    0.000000
   888   -0.000000    0.000000
   889   -0.000000    0.000000
   890   -0.000000    0.000000
   891   -0.000000    0.000000
   892   -0.000000    0.000000
   893   -0.000000    0.000000
   894   -0.000000    0.000000
   895   -0.000000    0.000000
   896   -0.000000    0.000000
   897   -0.000000    0.000000
   898   -0.000000    0.000000
   899   -0.000000    0.000000
   900   -0.000000    0.000000
   901   -0.000000    0.000000
   902   -0.000000    0.000000
   903   -0.000000    0.000000
   904   -0.000000    0.000000
   905   -0.000000    0.000000
   906   -0.000000    0.000000
   907   -0.000000    0.000000
   908   -0.000000    0.000000
   909   -0.000000    0.000000
   910   -0.000000    0.000000
   911   -0.000000    0.000000
   912   -0.000000    0.000000
   913   -0.000000    0.000000
   914   -0.000000    0.000000
   915   -0.000000    0.000000
   916   -0.000000    0.000000
   917   -0.000000    0.000000
   918   -0.000000    0.000000
   919   -0.000000    0.000000
   920   -0.000000    0.000000
   921   -0.000000    0.000000
   922   -0.000000    0.000000
   923   -0.000000    0.000000
   924   -0.000000    0.000000
   925   -0.000000    0.000000
   926   -0.000000    0.000000
   927   -0.000000    0.000000
   928   -0.000000    0.000000
   929   -0.000000    0.000000
   930   -0.000000    0.000000
   931   -0.000000    0.000000
   932   -0.000000    0.000000
   933   -0.000000    0.000000
   934   -0.000000    0.000000
   935   -0.000000    0.000000
   936   -0.000000   -0.000000
   937   -0.000000   -0.000000
   938   -0.000000   -0.000000
   939   -0.000000   -0.000000
   940   -0.000000   -0.000000
   941   -0.000000   -0.000000
   942   -0.000000   -0.000000
   943   -0.000000   -0.000000
   944   -0.000000   -0.000000
   945   -0.000000   -0.000000
   946   -0.000000   -0.000000
   947   -0.000000   -0.000000
   948   -0.000000   -0.000000
   949   -0.000000   -0.000000
   950   -0.000000   -0.000000
   951   -0.000000   -0.000000
   952   -0.000000   -0.000000
   953   -0.000000   -0.000000
   954   -0.000000   -0.000000
   955   -0.000000   -0.000000
   956   -0.000000   -0.000000
   957   -0.000000   -0.000000
   958   -0.000000   -0.000000
   959   -0.000000   -0.000000
   960   -0.000000   -0.000000
   961   -0.000000   -0.000000
   962   -0.000000   -0.000000
   963   -0.000000   -0.000000
   964   -0.000000   -0.000000
   965   -0.000000   -0.000000
   966   -0.000000   -0.000000
   967   -0.000000   -0.000000
   968   -0.000000   -0.000000
   969   -0.000000   -0.000000
   970   -0.000000   -0.000000
   971   -0.000000   -0.000000
   972   -0.000000   -0.000000
   973   -0.000000   -0.000000
   974   -0.000000   -0.000000
   975   -0.000000   -0.000000
   976   -0.000000   -0.000000
   977   -0.000000   -0.000000
   978   -0.000000   -0.000000
   979   -0.000000   -0.000000
   980   -0.000000   -0.000000
   981   -0.000000   -0.000000
   982   -0.000000   -0.000000
   983   -0.000000   -0.000000
   984   -0.000000   -0.000000
   985   -0.000000   -0.000000
   986   -0.000000   -0.000000
   987   -0.000000   -0.000000
   988   -0.000000   -0.000000
   989   -0.000000   -0.000000
   990   -0.000000   -0.000000
   991   -0.000000   -0.000000
   992   -0.000000   -0.000000
   993   -0.000000   -0.000000
   994   -0.000000   -0.000000
   995   -0.000000   -0.000000
   996   -0.000000   -0.000000
   997   -0.000000   -0.000000
   998   -0.000000   -0.000000
   999   -0.000000   -0.000000
  1000    0.000000    0.000000
