     1    0.000000    0.000000
     2    0.000000    0.000000
     3    0.000000    0.000000
     4    0.000000    0.000000
     5    0.000000    0.000000
     6    0.000000    0.000000
     7    0.000000    0.000000
     8    0.000000    0.000000
     9    0.000000    0.000000
    10    0.000000    0.000000
    11    0.000000    0.000000
    12    0.000000    0.000000
    13    0.000000    0.000000
    14    0.000000    0.000000
    15    0.000000    0.000000
    16    0.000000    0.000000
    17    0.000000    0.000000
    18    0.000000    0.000000
    19    0.000000    0.000000
    20    0.000000    0.000000
    21    0.000000    0.000000
    22    0.000000    0.000000
    23    0.000000    0.000000
    24    0.000000    0.000000
    25    0.000000    0.000000
    26    0.000000    0.000000
    27    0.000000    0.000000
    28    0.000000    0.000000
    29    0.000000    0.000000
    30    0.000000    0.000000
    31    0.000000    0.000000
    32    0.000000    0.000000
    33    0.000000    0.000000
    34    0.000000    0.000000
    35    0.000000    0.000000
    36    0.000000    0.000000
    37    0.000000    0.000000
    38    0.000000    0.000000
    39    0.000000    0.000000
    40    0.000000    0.000000
    41    0.000000    0.000000
    42    0.000000    0.000000
    43    0.000000    0.000000
    44    0.000000    0.000000
    45    0.000000    0.000000
    46    0.000000    0.000000
    47    0.000000    0.000000
    48    0.000000    0.000000
    49    0.000000    0.000000
    50    0.000000    0.000000
    51    0.000000    0.000000
    52    0.000000    0.000000
    53    0.000000    0.000000
    54    0.000000    0.000000
    55    0.000000    0.000000
    56    0.000000    0.000000
    57    0.000000    0.000000
    58    0.000000    0.000000
    59    0.000000    0.000000
    60    0.000000    0.000000
    61    0.000000    0.000000
    62    0.000000    0.000000
    63    0.000000    0.000000
    64    0.000000    0.000000
    65    0.000000    0.000000
    66    0.000000    0.000000
    67    0.000000    0.000000
    68    0.000000    0.000000
    69    0.000000    0.000000
    70    0.000000    0.000000
    71    0.000000    0.000000
    72    0.000000    0.000000
    73    0.000000    0.000000
    74    0.000000    0.000000
    75    0.000000    0.000000
    76    0.000000    0.000000
    77    0.000000    0.000000
    78    0.000000    0.000000
    79    0.000000    0.000000
    80    0.000000    0.000000
    81    0.000000    0.000000
    82    0.000000    0.000000
    83    0.000000    0.000000
    84    0.000000    0.000000
    85    0.000000    0.000000
    86    0.000000    0.000000
    87    0.000000    0.000000
    88    0.000000    0.000000
    89    0.000000    0.000000
    90    0.000000    0.000000
    91    0.000000    0.000000
    92    0.000000    0.000000
    93    0.000000    0.000000
    94    0.000000    0.000000
    95    0.000000    0.000000
    96    0.000000    0.000000
    97    0.000000    0.000000
    98    0.000000    0.000000
    99    0.000000    0.000000
   100    0.000000    0.000000
   101    0.000000    0.000000
   102    0.000000    0.000000
   103    0.000000    0.000000
   104    0.000000    0.000000
   105    0.000000    0.000000
   106    0.000000    0.000000
   107    0.000000    0.000000
   108    0.000000    0.000000
   109    0.000000    0.000000
   110    0.000000    0.000000
   111    0.000000    0.000000
   112    0.000000    0.000000
   113    0.000000    0.000000
   114    0.000000    0.000000
   115    0.000000    0.000000
   116    0.000000    0.000000
   117    0.000000    0.000000
   118    0.000000    0.000000
   119    0.000000    0.000000
   120    0.000000    0.000000
   121    0.000000    0.000000
   122    0.000000    0.000000
   123    0.000000    0.000000
   124    0.000000    0.000000
   125    0.000000    0.000000
   126    0.000000    0.000000
   127    0.000000    0.000000
   128    0.000000    0.000000
   129    0.000000    0.000000
   130    0.000001    0.000000
   131    0.000001    0.000000
   132    0.000001    0.000000
   133    0.000001    0.000000
   134    0.000001    0.000000
   135    0.000002    0.000000
   136    0.000002    0.000001
   137    0.000003    0.000001
   138    0.000004    0.000001
   139    0.000004    0.000001
   140    0.000005    0.000001
   141    0.000007    0.000002
   142    0.000009    0.000002
   143    0.000011    0.000002
   144    0.000013    0.000003
   145    0.000016    0.000003
   146    0.000020    0.000004
   147    0.000024    0.000005
   148    0.000030    0.000006
   149    0.000037    0.000007
   150    0.000045    0.000009
   151    0.000055    0.000010
   152    0.000067    0.000012
   153    0.000081    0.000015
   154    0.000099    0.000017
   155    0.000120    0.000021
   156    0.000145    0.000024
   157    0.000174    0.000029
   158    0.000210    0.000034
   159    0.000252    0.000039
   160    0.000302    0.000046
   161    0.000362    0.000054
   162    0.000432    0.000063
   163    0.000514    0.000073
   164    0.000612    0.000085
   165    0.000726    0.000098
   166    0.000860    0.000113
   167    0.001016    0.000130
   168    0.001199    0.000150
   169    0.001411    0.000172
   170    0.001658    0.000196
   171    0.001944    0.000224
   172    0.002275    0.000255
   173    0.002656    0.000289
   174    0.003096    0.000328
   175    0.003601    0.000370
   176    0.004180    0.000417
   177    0.004843    0.000469
   178    0.005599    0.000526
   179    0.006460    0.000588
   180    0.007439    0.000656
   181    0.008549    0.000730
   182    0.009805    0.000810
   183    0.011224    0.000897
   184    0.012821    0.000990
   185    0.014617    0.001090
   186    0.016630    0.001197
   187    0.018884    0.001311
   188    0.021399    0.001432
   189    0.024201    0.001560
   190    0.027316    0.001695
   191    0.030769    0.001835
   192    0.034590    0.001982
   193    0.038807    0.002134
   194    0.043451    0.002291
   195    0.048554    0.002452
   196    0.054147    0.002617
   197    0.060264    0.002783
   198    0.066938    0.002951
   199    0.074202    0.003118
   200    0.082089    0.003283
   201    0.090634    0.003445
   202    0.099867    0.003602
   203    0.109821    0.003753
   204    0.120526    0.003894
   205    0.132010    0.004025
   206    0.144299    0.004142
   207    0.157416    0.004245
   208    0.171383    0.004330
   209    0.186215    0.004396
   210    0.201927    0.004440
   211    0.218526    0.004459
   212    0.236017    0.004453
   213    0.254399    0.004418
   214    0.273664    0.004353
   215    0.293799    0.004257
   216    0.314786    0.004127
   217    0.336598    0.003962
   218    0.359201    0.003761
   219    0.382556    0.003524
   220    0.406616    0.003249
   221    0.431325    0.002938
   222    0.456621    0.002590
   223    0.482435    0.002206
   224    0.508689    0.001788
   225    0.535301    0.001336
   226    0.562179    0.000852
   227    0.589227    0.000340
   228    0.616342   -0.000199
   229    0.643417   -0.000761
   230    0.670339   -0.001342
   231    0.696993   -0.001939
   232    0.723259   -0.002546
   233    0.749015   -0.003161
   234    0.774138   -0.003778
   235    0.798506   -0.004391
   236    0.821996   -0.004997
   237    0.844486   -0.005589
   238    0.865858   -0.006163
   239    0.885998   -0.006714
   240    0.904796   -0.007236
   241    0.922146   -0.007725
   242    0.937952   -0.008176
   243    0.952124   -0.008585
   244    0.964578   -0.008948
   245    0.975244   -0.009261
   246    0.984058   -0.009522
   247    0.990969   -0.009727
   248    0.995935   -0.009876
   249    0.998926   -0.009965
   250    0.999925   -0.009995
   251    0.998926   -0.009965
   252    0.995935   -0.009876
   253    0.990969   -0.009727
   254    0.984058   -0.009522
   255    0.975244   -0.009261
   256    0.964578   -0.008948
   257    0.952124   -0.008585
   258    0.937952   -0.008176
   259    0.922146   -0.007725
   260    0.904796   -0.007236
   261    0.885998   -0.006714
   262    0.865858   -0.006163
   263    0.844486   -0.005589
   264    0.821996   -0.004997
   265    0.798506   -0.004391
   266    0.774138   -0.003778
   267    0.749015   -0.003161
   268    0.723259   -0.002546
   269    0.696993   -0.001939
   270    0.670339   -0.001342
   271    0.643417   -0.000761
   272    0.616342   -0.000199
   273    0.589227    0.000340
   274    0.562179    0.000852
   275    0.535301    0.001336
   276    0.508689    0.001788
   277    0.482435    0.002206
   278    0.456621    0.002590
   279    0.431325    0.002938
   280    0.406616    0.003249
   281    0.382556    0.003524
   282    0.359201    0.003761
   283    0.336598    0.003962
   284    0.314786    0.004127
   285    0.293799    0.004257
   286    0.273664    0.004353
   287    0.254399    0.004418
   288    0.236017    0.004453
   289    0.218526    0.004459
   290    0.201927    0.004440
   291    0.186215    0.004396
   292    0.171383    0.004330
   293    0.157416    0.004245
   294    0.144299    0.004142
   295    0.132010    0.004025
   296    0.120526    0.003894
   297    0.109821    0.003753
   298    0.099867    0.003602
   299    0.090634    0.003445
   300    0.082089    0.003283
   301    0.074202    0.003118
   302    0.066938    0.002951
   303    0.060264    0.002783
   304    0.054147    0.002617
   305    0.048554    0.002452
   306    0.043451    0.002291
   307    0.038807    0.002134
   308    0.034590    0.001982
   309    0.030769    0.001835
   310    0.027316    0.001695
   311    0.024201    0.001560
   312    0.021399    0.001432
   313    0.018884    0.001311
   314    0.016630    0.001197
   315    0.014617    0.001090
   316    0.012821    0.000990
   317    0.011224    0.000897
   318    0.009805    0.000810
   319    0.008549    0.000730
   320    0.007439    0.000656
   321    0.006460    0.000588
   322    0.005599    0.000526
   323    0.004843    0.000469
   324    0.004180    0.000417
   325    0.003601    0.000370
   326    0.003096    0.000328
   327    0.002656    0.000289
   328    0.002275    0.000255
   329    0.001944    0.000224
   330    0.001658    0.000196
   331    0.001411    0.000172
   332    0.001199    0.000150
   333    0.001016    0.000130
   334    0.000860    0.000113
   335    0.000726    0.000098
   336    0.000612    0.000085
   337    0.000514    0.000073
   338    0.000432    0.000063
   339    0.000362    0.000054
   340    0.000302    0.000046
   341    0.000252    0.000039
   342    0.000210    0.000034
   343    0.000174    0.000029
   344    0.000145    0.000024
   345    0.000120    0.000021
   346    0.000099    0.000017
   347    0.000081    0.000015
   348    0.000067    0.000012
   349    0.000055    0.000010
   350    0.000045    0.000009
   351    0.000037    0.000007
   352    0.000030    0.000006
   353    0.000024    0.000005
   354    0.000020    0.000004
   355    0.000016    0.000003
   356    0.000013    0.000003
   357    0.000011    0.000002
   358    0.000009    0.000002
   359    0.000007    0.000002
   360    0.000005    0.000001
   361    0.000004    0.000001
   362    0.000004    0.000001
   363    0.000003    0.000001
   364    0.000002    0.000001
   365    0.000002    0.000000
   366    0.000001    0.000000
   367    0.000001    0.000000
   368    0.000001    0.000000
   369    0.000001    0.000000
   370    0.000001    0.000000
   371    0.000000    0.000000
   372    0.000000    0.000000
   373    0.000000    0.000000
   374    0.000000    0.000000
   375    0.000000    0.000000
   376    0.000000    0.000000
   377    0.000000    0.000000
   378    0.000000    0.000000
   379    0.000000    0.000000
   380    0.000000    0.000000
   381    0.000000    0.000000
   382    0.000000    0.000000
   383    0.000000    0.000000
   384    0.000000    0.000000
   385    0.000000    0.000000
   386    0.000000    0.000000
   387    0.000000    0.000000
   388    0.000000    0.000000
   389    0.000000    0.000000
   390    0.000000    0.000000
   391    0.000000    0.000000
   392    0.000000    0.000000
   393    0.000000    0.000000
   394    0.000000    0.000000
   395    0.000000    0.000000
   396    0.000000    0.000000
   397    0.000000    0.000000
   398    0.000000    0.000000
   399    0.000000    0.000000
   400    0.000000    0.000000
   401    0.000000    0.000000
   402    0.000000    0.000000
   403    0.000000    0.000000
   404    0.000000    0.000000
   405    0.000000    0.000000
   406    0.000000    0.000000
   407    0.000000    0.000000
   408    0.000000    0.000000
   409    0.000000    0.000000
   410    0.000000    0.000000
   411    0.000000    0.000000
   412    0.000000    0.000000
   413    0.000000    0.000000
   414    0.000000    0.000000
   415    0.000000    0.000000
   416    0.000000    0.000000
   417    0.000000    0.000000
   418    0.000000    0.000000
   419    0.000000    0.000000
   420    0.000000    0.000000
   421    0.000000    0.000000
   422    0.000000    0.000000
   423    0.000000    0.000000
   424    0.000000    0.000000
   425    0.000000    0.000000
   426    0.000000    0.000000
   427    0.000000    0.000000
   428    0.000000    0.000000
   429    0.000000    0.000000
   430    0.000000    0.000000
   431    0.000000    0.000000
   432    0.000000    0.000000
   433    0.000000    0.000000
   434    0.000000    0.000000
   435    0.000000    0.000000
   436    0.000000    0.000000
   437    0.000000    0.000000
   438    0.000000    0.000000
   439    0.000000    0.000000
   440    0.000000    0.000000
   441    0.000000    0.000000
   442    0.000000    0.000000
   443    0.000000    0.000000
   444    0.000000    0.000000
   445    0.000000    0.000000
   446    0.000000    0.000000
   447    0.000000    0.000000
   448    0.000000    0.000000
   449    0.000000    0.000000
   450    0.000000    0.000000
   451    0.000000    0.000000
   452    0.000000    0.000000
   453    0.000000    0.000000
   454    0.000000    0.000000
   455    0.000000    0.000000
   456    0.000000    0.000000
   457    0.000000    0.000000
   458    0.000000    0.000000
   459    0.000000    0.000000
   460    0.000000    0.000000
   461    0.000000    0.000000
   462    0.000000    0.000000
   463    0.000000    0.000000
   464    0.000000    0.000000
   465    0.000000    0.000000
   466    0.000000    0.000000
   467    0.000000    0.000000
   468    0.000000    0.000000
   469    0.000000    0.000000
   470    0.000000    0.000000
   471    0.000000    0.000000
   472    0.000000    0.000000
   473    0.000000    0.000000
   474    0.000000    0.000000
   475    0.000000    0.000000
   476    0.000000    0.000000
   477    0.000000    0.000000
   478    0.000000    0.000000
   479    0.000000    0.000000
   480    0.000000    0.000000
   481    0.000000    0.000000
   482    0.000000    0.000000
   483    0.000000    0.000000
   484    0.000000    0.000000
   485    0.000000    0.000000
   486    0.000000    0.000000
   487    0.000000    0.000000
   488    0.000000    0.000000
   489    0.000000    0.000000
   490    0.000000    0.000000
   491    0.000000    0.000000
   492    0.000000    0.000000
   493    0.000000    0.000000
   494    0.000000    0.000000
   495    0.000000    0.000000
   496    0.000000    0.000000
   497    0.000000    0.000000
   498    0.000000    0.000000
   499    0.000000    0.000000
   500    0.000000    0.000000
   501    0.000000    0.000000
   502    0.000000    0.000000
   503    0.000000    0.000000
   504    0.000000    0.000000
   505    0.000000    0.000000
   506    0.000000    0.000000
   507    0.000000    0.000000
   508    0.000000    0.000000
   509    0.000000    0.000000
   510    0.000000    0.000000
   511    0.000000    0.000000
   512    0.000000    0.000000
   513    0.000000    0.000000
   514    0.000000    0.000000
   515    0.000000    0.000000
   516    0.000000    0.000000
   517    0.000000    0.000000
   518    0.000000    0.000000
   519    0.000000    0.000000
   520    0.000000    0.000000
   521    0.000000    0.000000
   522    0.000000    0.000000
   523    0.000000    0.000000
   524    0.000000    0.000000
   525    0.000000    0.000000
   526    0.000000    0.000000
   527    0.000000    0.000000
   528    0.000000    0.000000
   529    0.000000    0.000000
   530    0.000000    0.000000
   531    0.000000    0.000000
   532    0.000000    0.000000
   533    0.000000    0.000000
   534    0.000000    0.000000
   535    0.000000    0.000000
   536    0.000000    0.000000
   537    0.000000    0.000000
   538    0.000000    0.000000
   539    0.000000    0.000000
   540    0.000000    0.000000
   541    0.000000    0.000000
   542    0.000000    0.000000
   543    0.000000    0.000000
   544    0.000000    0.000000
   545    0.000000    0.000000
   546    0.000000    0.000000
   547    0.000000    0.000000
   548    0.000000    0.000000
   549    0.000000    0.000000
   550    0.000000    0.000000
   551    0.000000    0.000000
   552    0.000000    0.000000
   553    0.000000    0.000000
   554    0.000000    0.000000
   555    0.000000    0.000000
   556    0.000000    0.000000
   557    0.000000    0.000000
   558    0.000000    0.000000
   559    0.000000    0.000000
   560    0.000000    0.000000
   561    0.000000    0.000000
   562    0.000000    0.000000
   563    0.000000    0.000000
   564   -0.000000    0.000000
   565   -0.000000    0.000000
   566   -0.000000    0.000000
   567   -0.000000    0.000000
   568   -0.000000    0.000000
   569   -0.000000    0.000000
   570   -0.000000    0.000000
   571   -0.000000    0.000000
   572   -0.000000    0.000000
   573   -0.000000    0.000000
   574   -0.000000    0.000000
   575   -0.000000    0.000000
   576   -0.000000    0.000000
   577   -0.000000    0.000000
   578   -0.000000    0.000000
   579   -0.000000    0.000000
   580   -0.000000    0.000000
   581   -0.000000    0.000000
   582   -0.000000    0.000000
   583   -0.000000    0.000000
   584   -0.000000    0.000000
   585   -0.000000    0.000000
   586   -0.000000    0.000000
   587   -0.000000    0.000000
   588   -0.000000    0.000000
   589   -0.000000    0.000000
   590   -0.000000    0.000000
   591   -0.000000    0.000000
   592   -0.000000    0.000000
   593   -0.000000    0.000000
   594   -0.000000    0.000000
   595   -0.000000    0.000000
   596   -0.000000    0.000000
   597   -0.000000    0.000000
   598   -0.000000    0.000000
   599   -0.000000    0.000000
   600   -0.000000    0.000000
   601   -0.000000    0.000000
   602   -0.000000    0.000000
   603   -0.000000    0.000000
   604   -0.000000    0.000000
   605   -0.000000    0.000000
   606   -0.000000    0.000000
   607   -0.000000    0.000000
   608   -0.000000    0.000000
   609   -0.000000    0.000000
   610   -0.000000    0.000000
   611   -0.000000    0.000000
   612   -0.000000    0.000000
   613   -0.000000    0.000000
   614   -0.000000    0.000000
   615   -0.000000    0.000000
   616   -0.000000    0.000000
   617   -0.000000    0.000000
   618   -0.000000    0.000000
   619   -0.000000    0.000000
   620   -0.000000    0.000000
   621   -0.000000    0.000000
   622   -0.000000    0.000000
   623   -0.000000    0.000000
   624   -0.000000    0.000000
   625   -0.000000    0.000000
   626   -0.000000    0.000000
   627   -0.000000    0.000000
   628   -0.000000    0.000000
   629   -0.000000    0.000000
   630   -0.000000    0.000000
   631   -0.000000    0.000000
   632   -0.000000    0.000000
   633   -0.000000    0.000000
   634   -0.000000    0.000000
   635   -0.000000    0.000000
   636   -0.000000    0.000000
   637   -0.000000    0.000000
   638   -0.000000    0.000000
   639   -0.000000    0.000000
   640   -0.000000    0.000000
   641   -0.000000    0.000000
   642   -0.000000    0.000000
   643   -0.000000    0.000000
   644   -0.000000    0.000000
   645   -0.000000    0.000000
   646   -0.000000    0.000000
   647   -0.000000    0.000000
   648   -0.000000    0.000000
   649   -0.000000    0.000000
   650   -0.000000    0.000000
   651   -0.000000    0.000000
   652   -0.000000    0.000000
   653   -0.000000    0.000000
   654   -0.000000    0.000000
   655   -0.000000    0.000000
   656   -0.000000    0.000000
   657   -0.000000    0.000000
   658   -0.000000    0.000000
   659   -0.000000    0.000000
   660   -0.000000    0.000000
   661   -0.000000    0.000000
   662   -0.000000    0.000000
   663   -0.000000    0.000000
   664   -0.000000    0.000000
   665   -0.000000    0.000000
   666   -0.000000    0.000000
   667   -0.000000    0.000000
   668   -0.000000    0.000000
   669   -0.000000    0.000000
   670   -0.000000    0.000000
   671   -0.000000    0.000000
   672   -0.000000    0.000000
   673   -0.000000    0.000000
   674   -0.000000    0.000000
   675   -0.000000    0.000000
   676   -0.000000    0.000000
   677   -0.000000    0.000000
   678   -0.000000    0.000000
   679   -0.000000    0.000000
   680   -0.000000    0.000000
   681   -0.000000    0.000000
   682   -0.000000    0.000000
   683   -0.000000    0.000000
   684   -0.000000    0.000000
   685   -0.000000    0.000000
   686   -0.000000    0.000000
   687   -0.000000    0.000000
   688   -0.000000    0.000000
   689   -0.000000    0.000000
   690   -0.000000    0.000000
   691   -0.000000    0.000000
   692   -0.000000    0.000000
   693   -0.000000    0.000000
   694   -0.000000    0.000000
   695   -0.000000    0.000000
   696   -0.000000    0.000000
   697   -0.000000    0.000000
   698   -0.000000    0.000000
   699   -0.000000    0.000000
   700   -0.000000    0.000000
   701   -0.000000    0.000000
   702   -0.000000    0.000000
   703   -0.000000    0.000000
   704   -0.000000    0.000000
   705   -0.000000    0.000000
   706   -0.000000    0.000000
   707   -0.000000    0.000000
   708   -0.000000    0.000000
   709   -0.000000    0.000000
   710   -0.000000    0.000000
   711   -0.000000    0.000000
   712   -0.000000    0.000000
   713   -0.000000    0.000000
   714   -0.000000    0.000000
   715   -0.000000    0.000000
   716   -0.000000    0.000000
   717   -0.000000    0.000000
   718   -0.000000    0.000000
   719   -0.000000    0.000000
   720   -0.000000    0.000000
   721   -0.000000    0.000000
   722   -0.000000    0.000000
   723   -0.000000    0.000000
   724   -0.000000    0.000000
   725   -0.000000    0.000000
   726   -0.000000    0.000000
   727   -0.000000    0.000000
   728   -0.000000    0.000000
   729   -0.000000    0.000000
   730   -0.000000    0.000000
   731   -0.000000    0.000000
   732   -0.000000    0.000000
   733   -0.000000    0.000000
   734   -0.000000    0.000000
   735   -0.000000    0.000000
   736   -0.000000    0.000000
   737   -0.000000    0.000000
   738   -0.000000    0.000000
   739   -0.000000    0.000000
   740   -0.000000    0.000000
   741   -0.000000    0.000000
   742   -0.000000    0.000000
   743   -0.000000    0.000000
   744   -0.000000    0.000000
   745   -0.000000    0.000000
   746   -0.000000    0.000000
   747   -0.000000    0.000000
   748   -0.000000    0.000000
   749   -0.000000    0.000000
   750   -0.000000    0.000000
   751   -0.000000    0.000000
   752   -0.000000    0.000000
   753   -0.000000    0.000000
   754   -0.000000    0.000000
   755   -0.000000    0.000000
   756   -0.000000    0.000000
   757   -0.000000    0.000000
   758   -0.000000    0.000000
   759   -0.000000    0.000000
   760   -0.000000    0.000000
   761   -0.000000    0.000000
   762   -0.000000    0.000000
   763   -0.000000    0.000000
   764   -0.000000    0.000000
   765   -0.000000    0.000000
   766   -0.000000    0.000000
   767   -0.000000    0.000000
   768   -0.000000    0.000000
   769   -0.000000    0.000000
   770   -0.000000    0.000000
   771   -0.000000    0.000000
   772   -0.000000    0.000000
   773   -0.000000    0.000000
   774   -0.000000    0.000000
   775   -0.000000    0.000000
   776   -0.000000    0.000000
   777   -0.000000    0.000000
   778   -0.000000    0.000000
   779   -0.000000    0.000000
   780   -0.000000    0.000000
   781   -0.000000    0.000000
   782   -0.000000    0.000000
   783   -0.000000    0.000000
   784   -0.000000    0.000000
   785   -0.000000    0.000000
   786   -0.000000    0.000000
   787   -0.000000    0.000000
   788   -0.000000    0.000000
   789   -0.000000    0.000000
   790   -0.000000    0.000000
   791   -0.000000    0.000000
   792   -0.000000    0.000000
   793   -0.000000    0.000000
   794   -0.000000    0.000000
   795   -0.000000    0.000000
   796   -0.000000    0.000000
   797   -0.000000    0.000000
   798   -0.000000    0.000000
   799   -0.000000    0.000000
   800   -0.000000    0.000000
   801   -0.000000    0.000000
   802   -0.000000    0.000000
   803   -0.000000    0.000000
   804   -0.000000    0.000000
   805   -0.000000    0.000000
   806   -0.000000    0.000000
   807   -0.000000    0.000000
   808   -0.000000    0.000000
   809   -0.000000    0.000000
   810   -0.000000    0.000000
   811   -0.000000    0.000000
   812   -0.000000    0.000000
   813   -0.000000    0.000000
   814   -0.000000    0.000000
   815   -0.000000    0.000000
   816   -0.000000    0.000000
   817   -0.000000    0.000000
   818   -0.000000    0.000000
   819   -0.000000    0.000000
   820   -0.000000    0.000000
   821   -0.000000    0.000000
   822   -0.000000    0.000000
   823   -0.000000    0.000000
   824   -0.000000    0.000000
   825   -0.000000    0.000000
   826   -0.000000    0.000000
   827   -0.000000    0.000000
   828   -0.000000    0.000000
   829   -0.000000    0.000000
   830   -0.000000    0.000000
   831   -0.000000    0.000000
   832   -0.000000    0.000000
   833   -0.000000    0.000000
   834   -0.000000    0.000000
   835   -0.000000    0.000000
   836   -0.000000    0.000000
   837   -0.000000    0.000000
   838   -0.000000    0.000000
   839   -0.000000    0.000000
   840   -0.000000    0.000000
   841   -0.000000    0.000000
   842   -0.000000    0.000000
   843   -0.000000    0.000000
   844   -0.000000    0.000000
   845   -0.000000    0.000000
   846   -0.000000    0.000000
   847   -0.000000    0.000000
   848   -0.000000    0.000000
   849   -0.000000    0.000000
   850   -0.000000    0.000000
   851   -0.000000    0.000000
   852   -0.000000    0.000000
   853   -0.000000    0.000000
   854   -0.000000    0.000000
   855   -0.000000    0.000000
   856   -0.000000    0.000000
   857   -0.000000    0.000000
   858   -0.000000    0.000000
   859   -0.000000    0.000000
   860   -0.000000    0.000000
   861   -0.000000    0.000000
   862   -0.000000    0.000000
   863   -0.000000    0.000000
   864   -0.000000    0.000000
   865   -0.000000    0.000000
   866   -0.000000    0.000000
   867   -0.000000    0.000000
   868   -0.000000    0.000000
   869   -0.000000    0.000000
   870   -0.000000    0.000000
   871   -0.000000    0.000000
   872   -0.000000    0.000000
   873   -0.000000    0.000000
   874   -0.000000    0.000000
   875   -0.000000    0.000000
   876   -0.000000    0.000000
   877   -0.000000    0.000000
   878   -0.000000    0.000000
   879   -0.000000    0.000000
   880   -0.000000    0.000000
   881   -0.000000    0.000000
   882   -0.000000    0.000000
   883   -0.000000    0.000000
   884   -0.000000    0.000000
   885   -0.000000    0.000000
   886   -0.000000    0.000000
   887   -0.000000    0.000000
   888   -0.000000    0.000000
   889   -0.000000    0.000000
   890   -0.000000    0.000000
   891   -0.000000    0.000000
   892   -0.000000    0.000000
   893   -0.000000    0.000000
   894   -0.000000    0.000000
   895   -0.000000    0.000000
   896   -0.000000    0.000000
   897   -0.000000    0.000000
   898   -0.000000    0.000000
   899   -0.000000    0.000000
   900   -0.000000    0.000000
   901   -0.000000    0.000000
   902   -0.000000    0.000000
   903   -0.000000    0.000000
   904   -0.000000    0.000000
   905   -0.000000    0.000000
   906   -0.000000    0.000000
   907   -0.000000    0.000000
   908   -0.000000    0.000000
   909   -0.000000    0.000000
   910   -0.000000    0.000000
   911   -0.000000    0.000000
   912   -0.000000    0.000000
   913   -0.000000    0.000000
   914   -0.000000    0.000000
   915   -0.000000    0.000000
   916   -0.000000    0.000000
   917   -0.000000    0.000000
   918   -0.000000    0.000000
   919   -0.000000    0.000000
   920   -0.000000    0.000000
   921   -0.000000    0.000000
   922   -0.000000    0.000000
   923   -0.000000    0.000000
   924   -0.000000    0.000000
   925   -0.000000    0.000000
   926   -0.000000    0.000000
   927   -0.000000    0.000000
   928   -0.000000    0.000000
   929   -0.000000    0.000000
   930   -0.000000    0.000000
   931   -0.000000    0.000000
   932   -0.000000    0.000000
   933   -0.000000    0.000000
   934   -0.000000    0.000000
   935   -0.000000    0.000000
   936   -0.000000    0.000000
   937   -0.000000    0.000000
   938   -0.000000    0.000000
   939   -0.000000    0.000000
   940   -0.000000    0.000000
   941   -0.000000    0.000000
   942   -0.000000    0.000000
   943   -0.000000    0.000000
   944   -0.000000    0.000000
   945   -0.000000    0.000000
   946   -0.000000    0.000000
   947   -0.000000    0.000000
   948   -0.000000    0.000000
   949   -0.000000    0.000000
   950   -0.000000    0.000000
   951   -0.000000    0.000000
   952   -0.000000    0.000000
   953   -0.000000    0.000000
   954   -0.000000    0.000000
   955   -0.000000    0.000000
   956   -0.000000    0.000000
   957   -0.000000    0.000000
   958   -0.000000    0.000000
   959   -0.000000    0.000000
   960   -0.000000    0.000000
   961   -0.000000    0.000000
   962   -0.000000    0.000000
   963   -0.000000    0.000000
   964   -0.000000    0.000000
   965   -0.000000    0.000000
   966   -0.000000    0.000000
   967   -0.000000    0.000000
   968   -0.000000    0.000000
   969   -0.000000    0.000000
   970   -0.000000    0.000000
   971   -0.000000    0.000000
   972   -0.000000    0.000000
   973   -0.000000    0.000000
   974   -0.000000    0.000000
   975   -0.000000    0.000000
   976   -0.000000    0.000000
   977   -0.000000    0.000000
   978   -0.000000    0.000000
   979   -0.000000    0.000000
   980   -0.000000    0.000000
   981   -0.000000    0.000000
   982   -0.000000    0.000000
   983   -0.000000    0.000000
   984   -0.000000    0.000000
   985   -0.000000    0.000000
   986   -0.000000    0.000000
   987   -0.000000    0.000000
   988   -0.000000    0.000000
   989   -0.000000    0.000000
   990   -0.000000    0.000000
   991   -0.000000    0.000000
   992   -0.000000    0.000000
   993   -0.000000    0.000000
   994   -0.000000    0.000000
   995   -0.000000    0.000000
   996   -0.000000    0.000000
   997   -0.000000    0.000000
   998   -0.000000    0.000000
   999   -0.000000    0.000000
  1000    0.000000    0.000000
